edge vertices are (10, 13, 11, 12)
	0, 1, 0, 1
	0, 1, 1, 0
	0, 1, 5, 7
	0, 1, 6, 9
	0, 1, 7, 5
	0, 1, 9, 6
	0, 9, 0, 9
	0, 9, 1, 6
	0, 9, 3, 8
	0, 9, 6, 1
	0, 9, 8, 3
	0, 9, 9, 0
	1, 0, 0, 1
	1, 0, 1, 0
	1, 0, 5, 7
	1, 0, 6, 9
	1, 0, 7, 5
	1, 0, 9, 6
	1, 3, 2, 7
	1, 3, 7, 2
	1, 7, 0, 5
	1, 7, 2, 3
	1, 7, 3, 2
	1, 7, 5, 0
	3, 1, 2, 7
	3, 1, 7, 2
	7, 1, 0, 5
	7, 1, 2, 3
	7, 1, 3, 2
	7, 1, 5, 0
	9, 0, 0, 9
	9, 0, 1, 6
	9, 0, 3, 8
	9, 0, 6, 1
	9, 0, 8, 3
	9, 0, 9, 0
edge vertices are (10, 13, 11, 12)
	Altitude, Altitude
	Angle, LineSegment
	HalfLine, HalfLine
	LineSegment, Angle
	LineSegment, LineSegment