1
120

48 6    68 31    38 42    68 119    33 2   
 69 60    15 117    69 17    49 93    100 65    89 3    56 2    46 15    4 53   
 46 18    63 85    48 52    110 42    16 109    34 36    77 96    61 7   
 13 65    68 80    113 109    101 50    25 29    99 57    111 94    59 21   
 115 64    39 8    84 98    12 35    23 86    88 116    6 98    38 76    66 41  
 77 81    34 107    49 21    23 39    56 54    71 83    55 51    38 108   
 29 119    113 43    66 102    63 120    61 21    22 5    92 120    28 62   
 11 100    44 1    47 8    11 119    47 58    97 10    12 73    77 47    66 17  
 58 109    45 104    104 9    78 73    39 72    2 115    51 62    67 50   
 55 87    79 27    103 20    45 24    37 107    101 28    1 116    100 117   
 25 83    14 82    74 87    33 40    22 8    27 97    50 74    15 20   
 114 117    84 95    9 20    111 41    46 116    33 1    44 70    57 40   
 118 75    30 32    56 24    90 72    34 31    18 64    43 76    35 118   
 60 42    101 52    82 29    92 95    79 102    99 62    25 17    89 105   
 26 54    105 40    74 43    106 86    80 91    93 84    27 32    37 103   
 36 19    110 16    89 26    49 120    3 102    90 93    115 73    105 64   
 67 86    106 96    28 85    37 95    24 3    81 7    79 94    59 107    70 9   
 75 76    108 10    63 53    75 32    14 80    69 91    67 112    13 14   
 48 51    13 104    4 18    26 65    5 96    112 108    41 118    81 31   
 90 106    11 45    35 97    99 12    103 61    91 71    78 30    110 5   
 82 19    78 52    59 114    72 87    58 60    57 30    71 94    70 114   
 6 53    22 36    16 83    7 19    88 98    111 54    44 4    88 85    113 10   
 23 92    55 112 
