1
1252
 1078 438    825 340    1134 988    343 593   
 67 855    93 118    169 247    62 865    847 778    982 19    1002 194   
 1091 76    431 776    861 180    464 933    964 1076    771 509    760 925   
 1025 1044    959 920    607 465    99 1095    869 1223    606 520    935 381   
 1023 51    529 203    127 229    116 538    112 1109    748 658    487 778   
 353 282    116 482    518 551    871 135    687 989    288 542    663 994   
 577 404    911 527    407 410    347 954    792 51    499 205    200 1132   
 707 335    89 422    457 7    509 1038    405 604    277 929    740 700   
 575 492    1075 306    469 107    7 689    814 49    489 424    912 1077   
 661 378    652 1084    1056 873    88 970    289 1164    1013 986    1070 830  
 1106 535    331 631    304 602    1003 732    215 547    1052 626    583 1245  
 291 874    870 564    1248 1172    638 16    1179 736    551 455    1191 106   
 212 164    341 73    1215 460    520 1075    44 510    596 371    443 20   
 618 93    1245 470    776 824    718 876    826 1110    1225 171    200 1242   
 334 940    512 1140    1181 951    694 1160    224 852    276 608    726 1247  
 859 314    268 139    430 225    991 558    286 1030    408 604    361 758   
 950 361    563 1105    699 802    88 348    760 921    702 944    547 647   
 90 345    1134 543    726 147    676 656    763 941    521 623    517 284   
 308 572    818 283    486 170    265 555    1173 635    539 953    177 321   
 770 102    143 106    28 857    178 818    716 79    5 258    387 620   
 497 152    920 54    892 126    1236 921    1082 413    708 413    178 1173   
 136 281    397 989    445 765    88 651    286 600    422 569    320 639   
 176 1203    924 1058    69 312    24 186    851 52    962 657    259 1029   
 148 1039    838 1226    1117 31    407 634    633 864    452 1120    832 954   
 909 43    1189 315    244 62    189 1186    1155 787    1004 314    1007 426   
 145 448    511 252    1247 853    288 80    253 382    894 65    1062 120   
 1045 621    532 578    540 213    1148 1165    165 667    81 612    1223 1131  
 366 64    429 752    161 183    453 140    937 1064    689 777    496 38   
 919 240    1214 900    673 720    444 185    837 1240    486 217    233 808   
 904 758    1152 317    310 125    907 832    995 481    565 1121    3 87   
 1076 648    609 1176    496 903    781 162    55 640    1036 307    799 1208   
 1035 1147    999 527    279 206    387 696    737 318    584 1175    172 516   
 741 53    991 762    434 1118    257 730    154 743    309 732    693 138   
 1052 558    409 784    972 755    519 455    927 1066    750 303    207 186   
 279 437    366 890    414 262    163 1054    972 109    993 701    1101 394   
 762 791    330 214    158 292    594 866    290 504    67 57    147 853   
 1068 779    66 548    628 896    352 884    794 622    275 20    181 1220   
 507 703    352 565    990 446    737 1033    624 230    1006 248    1072 1086  
 466 769    189 893    325 43    177 1130    374 989    501 932    300 29   
 146 955    430 1041    1010 1176    1225 1087    1228 1031    492 514   
 838 525    144 403    469 1252    134 756    1238 635    1182 6    532 1185   
 205 42    1115 582    48 668    819 790    1212 753    432 1052    276 774   
 30 703    277 552    410 1110    107 1209    385 1229    1012 530    880 796   
 1157 854    888 1230    184 329    124 949    1039 96    806 263    272 504   
 63 1132    353 766    136 337    130 318    1078 241    642 786    360 262   
 1069 1005    1251 956    1049 435    1023 245    1166 60    621 371   
 741 777    402 626    2 1239    92 50    338 593    561 625    1212 1203   
 166 361    1089 736    399 391    1039 923    1199 181    844 746    671 831   
 1048 379    837 350    3 654    1081 951    598 1208    1221 362    764 710   
 653 1030    827 1085    391 615    154 101    1246 152    683 900    433 995   
 210 367    1172 414    148 296    270 600    484 450    481 1109    764 97   
 342 163    303 10    1071 1174    24 798    1079 667    1248 262    124 908   
 333 994    277 906    35 688    402 1029    715 1175    329 1165    896 32   
 1126 490    572 191    146 1011    1189 196    917 703    1058 654    783 443  
 191 85    485 1182    1227 680    1001 321    1188 1081    849 955    716 713  
 223 655    883 548    310 207    433 813    368 1185    726 913    905 439   
 493 736    28 580    1166 741    325 1021    101 670    531 142    629 490   
 928 1077    742 976    573 372    864 337    376 10    1227 835    521 390   
 738 557    89 1032    61 371    821 131    226 194    21 505    1037 488   
 224 312    884 1121    584 461    891 6    495 892    248 274    559 768   
 664 956    210 274    763 335    843 745    146 439    397 334    243 833   
 114 708    798 427    1004 1073    1061 658    947 907    880 1015    574 367  
 1083 723    759 395    258 537    355 368    663 1021    285 395    916 1088   
 1145 442    308 1211    332 84    862 1241    836 804    1234 975    456 889   
 729 801    476 444    885 868    77 190    1171 779    640 953    30 669   
 411 294    441 250    486 1234    290 753    597 39    843 96    695 557   
 48 228    686 325    543 918    564 652    1156 127    16 1239    947 240   
 935 806    279 186    1185 1142    682 932    123 498    627 358    629 349   
 529 1245    958 927    1221 1090    829 845    1106 1129    1029 538   
 311 658    14 1217    519 160    1097 307    699 494    432 40    683 575   
 155 256    324 533    605 1040    83 1162    188 579    771 1070    421 425   
 199 835    719 601    441 1004    358 391    160 1117    541 1196    491 208   
 134 1174    1034 904    243 38    1012 1240    522 885    1182 952   
 542 1138    968 1059    1069 788    947 1143    159 791    1024 125   
 873 852    102 1072    694 64    752 327    663 197    1214 1248    17 897   
 139 282    743 898    23 364    715 566    151 384    388 548    686 775   
 1159 83    386 750    66 129    962 304    501 1033    176 354    751 514   
 452 895    546 648    533 820    407 826    720 1107    143 592    400 261   
 926 568    192 1230    225 897    1247 744    392 647    1196 87    553 977   
 899 328    176 1227    177 467    278 1104    843 844    550 523    357 1209   
 470 1054    1177 211    1092 153    858 491    1175 813    781 747   
 1127 175    316 822    883 1007    1136 622    128 746    938 63    299 888   
 431 359    727 226    589 381    809 612    631 787    897 1041    767 800   
 542 471    771 747    1161 526    68 577    91 1237    454 1125    541 1000   
 44 76    798 659    661 1069    168 1066    449 692    284 1099    266 172   
 829 1020    27 434    991 416    894 488    673 755    602 779    451 71   
 442 816    479 461    849 1011    354 290    1144 596    697 75    633 8   
 254 293    256 996    1097 317    425 1162    223 875    281 864    870 525   
 677 1065    217 560    242 1071    104 63    344 725    828 105    1216 128   
 507 821    720 162    113 326    266 164    287 563    982 1099    737 915   
 902 214    22 301    55 807    1091 510    1093 886    664 678    600 140   
 966 967    89 1028    1213 711    234 1143    749 522    1118 591    566 479   
 211 1094    498 857    365 1242    453 863    1199 1206    1122 758   
 1045 596    687 72    190 247    544 538    220 657    281 637    1213 458   
 1250 340    926 1149    642 1183    1178 1151    507 1113    772 679   
 1181 1161    973 623    999 1022    1177 1064    410 393    356 514    179 72  
 195 86    478 437    276 1236    887 670    606 577    975 933    336 438   
 149 778    854 614    322 611    785 423    979 247    913 744    412 879   
 780 967    464 170    149 515    289 1160    639 943    685 50    503 362   
 595 245    519 571    1089 153    1114 910    1112 965    815 1085    455 730  
 64 549    155 706    386 10    1137 1099    1091 768    30 1231    235 857   
 1239 1165    1135 502    458 1043    971 183    78 647    319 175    1203 835  
 770 1086    1201 505    431 1102    933 439    82 537    254 426    397 72   
 1100 1080    665 912    983 559    894 151    299 948    1113 460    639 695   
 1081 1242    573 848    1243 218    984 370    405 603    851 944    104 382   
 1096 1130    404 273    719 1062    917 1231    396 646    321 1096   
 408 516    298 311    916 94    893 70    598 985    869 1005    215 373   
 733 305    1026 830    189 137    512 515    679 86    676 601    1205 646   
 557 735    1194 1063    1015 1119    938 709    133 873    12 1075    605 472  
 467 117    860 53    1010 142    133 271    477 1055    1183 767    231 845   
 891 952    288 805    817 580    100 910    662 669    607 370    750 822   
 90 614    292 877    328 383    1202 54    849 853    103 735    68 963   
 385 289    11 637    586 1198    1168 115    168 500    447 1229    452 796   
 1238 370    650 1118    65 384    528 1215    814 839    1057 335    574 523   
 121 1009    333 139    333 197    870 1084    1006 184    235 41    496 833   
 930 690    128 1088    674 417    828 620    37 570    907 846    132 32   
 423 173    992 1180    1229 1164    122 707    588 1086    1047 483   
 45 1002    512 227    381 1208    320 556    1210 1187    1014 17    660 1009  
 839 295    1156 150    1027 1153    33 291    206 427    475 31    847 1140   
 209 541    699 29    115 1077    100 705    553 1197    58 258    224 251   
 817 32    420 1131    364 648    254 883    78 964    34 856    754 1195   
 156 633    819 9    1079 1142    484 324    593 1220    1225 73    297 386   
 1037 411    81 180    1192 800    462 1001    374 334    1145 1102    253 709  
 311 811    242 269    170 560    12 1027    643 930    756 1009    561 513   
 416 791    976 1032    517 459    45 982    388 129    799 263    774 351   
 342 249    903 202    930 415    264 1166    1141 1088    773 340    95 1207   
 610 315    1018 987    973 1095    1031 405    740 612    1092 568    937 21   
 678 75    1235 257    679 142    1019 1000    731 504    1211 152    617 1224  
 783 966    775 43    552 524    1013 412    756 1098    330 1065    1138 251   
 1035 789    135 1130    562 193    905 975    270 1030    619 1169    221 535  
 974 129    567 230    474 238    396 157    1144 480    280 1228    424 109   
 1180 4    1056 271    211 508    1252 582    528 980    816 1102    1034 1200  
 990 666    343 1028    28 41    627 739    829 545    188 518    297 988   
 82 120    1233 1037    466 71    440 16    473 345    74 383    1191 105   
 565 920    940 1241    92 483    693 108    94 1141    1171 681    239 185   
 353 268    256 590    100 722    550 672    27 1153    969 983    377 812   
 594 620    1017 349    409 442    867 1087    156 337    25 564    598 589   
 672 1146    1167 328    419 263    122 763    619 227    70 339    818 380   
 574 274    627 784    936 161    323 721    1111 651    919 18    495 810   
 1024 823    1072 260    432 259    981 581    960 1158    980 1109   
 585 1126    125 724    1100 549    826 735    1199 698    1067 973    264 970  
 245 193    1174 1187    891 555    4 599    137 318    112 1193    850 488   
 309 47    1014 225    380 1173    492 1108    26 202    871 115    783 780   
 1028 1194    1049 645    993 566    396 1014    221 1129    399 734   
 198 717    986 350    495 219    994 282    172 757    187 792    35 1104   
 375 511    430 1202    1103 108    316 988    708 1106    509 721    473 303   
 145 477    1190 757    418 62    1204 1187    375 1127    468 875    232 815   
 1 1219    479 701    429 1219    745 746    1201 238    1003 80    500 589   
 914 801    576 1153    949 1044    862 237    97 636    449 252    398 1251   
 1050 406    1123 193    132 113    905 955    408 280    451 445    213 1149   
 712 813    182 470    1078 199    992 412    1074 1142    959 1202   
 617 1249    727 1002    19 459    641 527    903 613    5 1050    1168 928   
 748 811    355 283    487 1074    116 119    46 1184    468 655    413 1205   
 1157 1154    429 622    497 468    932 130    85 141    706 996    443 1163   
 49 360    1159 457    223 886    585 971    705 1114    212 52    543 316   
 613 833    705 236    242 901    419 943    1023 729    35 379    438 680   
 1116 482    638 968    287 463    1216 1141    368 578    610 196    1046 739  
 287 252    797 435    1180 879    1144 61    58 82    37 610    805 1138   
 165 487    1050 537    124 934    1151 261    1111 348    80 471    882 229   
 448 1055    583 605    840 789    958 1207    1119 714    352 644    562 377   
 510 1127    444 39    788 218    1147 765    526 395    409 1218    319 375   
 15 655    1070 721    78 436    77 923    634 393    1111 823    793 863   
 996 978    844 296    363 759    215 392    774 1115    182 472    530 702   
 24 206    232 1010    795 602    393 241    440 2    540 926    1013 841   
 77 148    706 377    133 69    298 1061    327 1219    1193 712    869 420   
 804 1112    552 855    902 1057    1053 999    652 686    91 845    939 1107   
 261 1198    728 977    1192 1051    103 1110    935 799    521 1217   
 1233 294    265 1129    971 38    881 332    1170 621    330 1057    255 590   
 827 118    478 724    549 890    491 1043    66 1007    222 1214    862 1040   
 524 459    732 471    881 1083    511 692    842 1250    792 729    1056 18   
 893 1025    374 1241    1092 1149    972 489    1124 1005    1177 645   
 850 151    476 867    616 685    1082 646    815 118    946 628    979 327   
 676 560    243 585    272 406    50 326    121 9    244 643    839 360   
 1073 250    913 581    365 1132    506 682    1195 624    630 1016    436 546  
 1080 1164    388 820    698 173    42 98    650 1170    908 339    1042 1022   
 554 107    46 576    618 886    33 766    1150 1217    1213 1019    814 1103   
 945 1154    437 207    885 84    586 400    57 102    601 120    179 641   
 782 669    649 851    1246 15    99 1038    1236 305    359 824    291 216   
 1101 8    79 878    1156 882    970 502    389 666    1146 126    660 9   
 1135 60    5 731    111 1090    936 629    400 611    984 249    1048 97   
 221 454    1222 1151    302 251    343 1063    534 536    734 615    14 623   
 632 802    1232 681    232 609    1191 592    919 271    980 131    462 838   
 619 1140    716 205    246 1051    908 1044    331 701    858 978    1103 295  
 1179 218    592 889    948 372    426 373    1223 1150    313 216   
 1244 1168    344 4    33 313    322 586    214 677    228 800    1243 691   
 861 700    588 260    651 502    424 1055    1058 965    1244 697    715 461   
 248 174    114 535    465 203    584 712    1018 624    974 450    369 75   
 181 338    1042 1053    616 1047    590 978    1036 863    786 987    767 428  
 433 1193    1059 204    1155 331    796 1020    46 1027    199 680    203 163  
 858 255    710 636    49 414    81 700    1035 159    94 85    114 1205   
 1116 714    462 117    1060 357    916 191    144 1197    924 3    704 810   
 704 892    79 499    748 372    1167 74    457 1162    52 702    675 1128   
 1116 362    226 1207    1137 194    167 472    322 1104    1172 900   
 473 376    474 797    130 1033    1148 184    389 866    422 1194   
 1036 1139    1068 931    957 530    575 751    1233 91    878 967    56 159   
 671 785    220 304    665 1096    190 834    157 17    638 204    463 1105   
 728 403    144 977    841 922    236 722    1171 931    1016 687    847 515   
 365 938    617 723    1216 745    240 846    914 901    37 1065    300 983   
 1200 398    949 659    1114 314    1188 526    569 1032    210 174   
 1170 591    475 202    860 1159    1139 1152    953 417    59 675    451 769   
 259 626    301 657    1146 523    583 182    827 1093    187 269    993 631   
 561 854    1179 691    969 29    13 227    1094 1064    964 547    562 401   
 178 1238    936 1017    1080 1160    104 709    1136 918    696 389   
 717 711    661 1124    423 831    2 1148    1152 307    683 222    775 1084   
 649 212    671 42    782 1231    513 945    1235 615    985 1066    138 65   
 356 1108    265 454    26 31    401 812    630 641    960 931    201 637   
 418 662    872 384    1189 1169    336 634    1 169    236 229    448 109   
 485 761    508 347    880 1120    656 217    36 819    684 898    559 76   
 882 1249    458 208    1047 553    1094 347    39 239    1024 348    1221 714  
 1113 917    957 1240    99 1067    475 613    984 635    950 415    48 1192   
 18 846    101 898    499 98    121 36    754 230    643 865    500 985   
 59 8    201 1042    781 1026    12 1184    506 501    765 789    346 61   
 244 662    418 782    961 273    474 301    1126 183    1243 378    915 137   
 387 866    293 373    599 725    640 1060    946 997    762 40    673 489   
 1003 47    313 1061    1045 650    145 480    685 483    1190 280    578 283   
 909 1021    477 346    1051 668    341 171    92 997    739 267    609 1085   
 961 976    195 877    579 734    1157 513    958 168    1100 694    840 71   
 1125 555    757 164    1133 899    724 823    807 1060    253 1230   
 1163 780    239 636    786 998    764 688    906 855    859 1073    446 877   
 896 580    1206 1220    1068 795    940 237    836 965    674 856    939 162   
 22 238    110 201    551 160    493 691    40 558    832 1143    793 140   
 531 86    742 273    554 1252    497 15    1046 358    56 1147    531 1176   
 684 670    860 7    948 811    850 411    19 284    684 644    300 494   
 695 556    503 482    837 922    13 1169    728 1059    485 842    924 1112   
 1018 998    344 285    614 625    572 141    785 98    213 260    123 235   
 157 1082    653 942    770 67    275 1163    711 208    895 545    738 103   
 11 110    659 934    1224 150    698 831    710 185    632 744    419 718   
 682 1155    753 272    573 299    127 722    1183 228    1158 317    59 394   
 441 856    196 570    278 611    828 456    895 1020    332 522    820 974   
 914 269    309 810    925 733    1123 401    1190 516    960 681    876 943   
 539 674    693 295    1133 945    220 795    204 403    255 1043    884 887   
 540 588    567 809    503 119    69 852    390 1150    754 809    278 379   
 464 1234    209 654    275 324    718 806    45 1137    27 591    742 963   
 506 787    1125 952    1134 1136    865 415    874 766    147 1011    840 445  
 143 359    759 1161    1222 668    158 666    872 138    312 302    536 790   
 447 868    1249 150    803 1006    123 1008    986 879    320 876    1201 797  
 1204 1098    807 1209    326 997    677 570    805 302    1026 939    743 890  
 925 861    576 434    848 192    773 941    44 175    981 802    594 456   
 493 153    323 1038    689 53    1188 1181    364 603    57 906    55 417   
 946 113    836 1128    105 889    825 842    563 449    1089 568    902 707   
 180 733    534 1008    704 47    36 536    544 402    696 158    346 480   
 390 1131    717 1019    616 1197    595 1123    1237 294    1063 338   
 341 349    727 95    90 376    1046 399    979 1    554 357    268 874   
 421 74    719 656    23 587    1232 1097    1122 398    998 428    154 366   
 126 219    166 904    286 453    841 350    70 1186    942 769    550 367   
 830 747    713 966    308 1246    134 1204    56 416    188 257    476 597   
 336 241    1226 117    664 369    68 306    192 382    672 219    793 1139   
 587 1031    899 1154    421 83    992 599    760 305    794 918    667 1074   
 267 784    1145 776    772 446    1025 339    740 567    342 465    816 1218   
 198 1000    436 1076    772 195    981 494    1195 987    1067 14    1017 73   
 909 197    1117 571    871 912    222 751    618 875    351 582    1101 156   
 1167 425    929 524    749 723    1079 532    642 428    834 923    1206 173   
 508 234    1008 790    355 380    1034 1122    231 545    990 292    1128 394  
 1215 131    607 249    166 690    1210 901    808 941    112 995    595 51   
 96 296    363 725    1200 956    297 822    198 1196    440 968    608 921   
 544 119    169 834    469 351    959 1041    630 911    385 868    310 478   
 323 1095    825 761    171 867    713 878    466 653    179 1016    58 1062   
 1048 688    490 161    264 1135    22 962    345 625    106 824    1235 579   
 597 1087    435 505    1001 467    298 216    13 315    165 149    794 752   
 755 1107    911 1022    25 525    111 1015    233 1250    517 929    848 888   
 950 690    937 645    111 1120    644 887    539 34    363 285    231 1237   
 957 944    267 1218    649 266    270 942    135 665    859 910    1178 1198   
 463 356    84 447    498 534    803 329    587 603    1211 141    234 954   
 427 934    60 777    200 951    1244 678    969 768    518 730    821 460   
 1224 1083    420 1124    167 237    122 808    606 306    529 1054    25 1226  
 608 1115    233 773    749 881    1210 1071    187 801    1133 383    817 41   
 132 628    110 1053    23 546    1178 246    927 95    354 1212    11 136   
 369 1251    1222 246    209 87    1228 604    484 20    167 1040    1012 922   
 804 675    697 928    632 581    961 569    761 6    1093 93    803 174   
 520 1184    963 404    1105 1108    319 692    731 406    738 556    533 450   
 1049 21    34 250    54 1121    872 108    660 1098    293 392    528 481   
 378 788    26 571    1232 1158    1090 1119    155 812    915 1186  
