# of vertices: 44
girth: 5
cc: 4
# of atoms: 3

atom 1, order: 8
3 4 5 6 7 8 9 10 
cut : 
[3,2] [6,13] [8,0] [10,11] 
----------------------------------------------------------
atom 2, order: 8
14 15 16 17 18 19 20 21 
cut : 
[14,13] [17,24] [19,11] [21,22] 
----------------------------------------------------------
atom 3, order: 8
25 26 27 28 29 30 31 32 
cut : 
[25,40] [28,36] [30,42] [32,34] 
----------------------------------------------------------
# of vertices not in atoms: 20 :
0 1 2 11 12 13 22 23 24 33 34 35 36 37 38 39 40 41 42 43 
