# of vertices: 106
girth: 5
cc: 4
# of atoms: 9

atom 1, order: 8
11 12 13 14 15 16 17 18 
cut : 
[11,10] [13,19] [15,4] [17,21] 
----------------------------------------------------------
atom 2, order: 8
22 23 24 25 26 27 28 29 
cut : 
[22,19] [24,30] [26,21] [28,32] 
----------------------------------------------------------
atom 3, order: 8
33 34 35 36 37 38 39 40 
cut : 
[33,30] [35,10] [37,32] [39,6] 
----------------------------------------------------------
atom 4, order: 8
43 44 45 46 47 48 49 50 
cut : 
[43,42] [45,51] [47,7] [49,53] 
----------------------------------------------------------
atom 5, order: 8
54 55 56 57 58 59 60 61 
cut : 
[54,51] [56,62] [58,53] [60,64] 
----------------------------------------------------------
atom 6, order: 8
65 66 67 68 69 70 71 72 
cut : 
[65,62] [67,42] [69,64] [71,9] 
----------------------------------------------------------
atom 7, order: 8
75 76 77 78 79 80 81 82 
cut : 
[75,74] [77,83] [79,1] [81,85] 
----------------------------------------------------------
atom 8, order: 8
86 87 88 89 90 91 92 93 
cut : 
[86,83] [88,94] [90,85] [92,96] 
----------------------------------------------------------
atom 9, order: 8
97 98 99 100 101 102 103 104 
cut : 
[97,94] [99,74] [101,96] [103,3] 
----------------------------------------------------------
# of vertices not in atoms: 34 :
0 1 2 3 4 5 6 7 8 9 10 19 20 21 30 31 32 41 42 51 
52 53 62 63 64 73 74 83 84 85 94 95 96 105 
