509
1
14
1 2 3
0 2 3
0 1 4
0 1 4
2 3 5
4 6 7
5 7 8
5 6 8
6 7 9
8 10 11
9 12 13
9 12 13
10 11 13
10 11 12
2
14
1 2 3
0 2 3
0 1 4
0 1 4
2 3 5
4 6 7
5 7 8
5 6 9
6 9 10
7 8 11
8 12 13
9 12 13
10 11 13
10 11 12
3
14
1 2 3
0 2 3
0 1 4
0 1 4
2 3 5
4 6 7
5 7 8
5 6 9
6 10 11
7 10 12
8 9 13
8 12 13
9 11 13
10 11 12
4
14
1 2 3
0 2 3
0 1 4
0 1 4
2 3 5
4 6 7
5 7 8
5 6 9
6 10 11
7 12 13
8 11 12
8 10 13
9 10 13
9 11 12
5
14
1 2 3
0 2 3
0 1 4
0 1 4
2 3 5
4 6 7
5 7 8
5 6 9
6 10 11
7 12 13
8 12 13
8 12 13
9 10 11
9 10 11
6
14
1 2 3
0 2 3
0 1 4
0 1 4
2 3 5
4 6 7
5 8 9
5 8 9
6 7 10
6 7 11
8 12 13
9 12 13
10 11 13
10 11 12
7
14
1 2 3
0 2 3
0 1 4
0 1 4
2 3 5
4 6 7
5 8 9
5 8 10
6 7 9
6 8 11
7 12 13
9 12 13
10 11 13
10 11 12
8
14
1 2 3
0 2 3
0 1 4
0 1 4
2 3 5
4 6 7
5 8 9
5 8 10
6 7 11
6 10 12
7 9 13
8 12 13
9 11 13
10 11 12
9
14
1 2 3
0 2 3
0 1 4
0 1 4
2 3 5
4 6 7
5 8 9
5 8 10
6 7 11
6 11 12
7 12 13
8 9 13
9 10 13
10 11 12
10
14
1 2 3
0 2 3
0 1 4
0 1 4
2 3 5
4 6 7
5 8 9
5 8 10
6 7 11
6 12 13
7 12 13
8 12 13
9 10 11
9 10 11
11
14
1 2 3
0 2 3
0 1 4
0 1 4
2 3 5
4 6 7
5 8 9
5 10 11
6 9 10
6 8 12
7 8 13
7 12 13
9 11 13
10 11 12
12
14
1 2 3
0 2 3
0 1 4
0 1 4
2 3 5
4 6 7
5 8 9
5 10 11
6 9 12
6 8 12
7 11 13
7 10 13
8 9 13
10 11 12
13
14
1 2 3
0 2 3
0 1 4
0 1 4
2 3 5
4 6 7
5 8 9
5 10 11
6 9 12
6 8 13
7 11 12
7 10 13
8 10 13
9 11 12
14
14
1 2 3
0 2 3
0 1 4
0 1 4
2 3 5
4 6 7
5 8 9
5 10 11
6 9 12
6 8 13
7 12 13
7 12 13
8 10 11
9 10 11
15
14
1 2 3
0 2 3
0 1 4
0 1 4
2 3 5
4 6 7
5 8 9
5 10 11
6 10 11
6 12 13
7 8 12
7 8 13
9 10 13
9 11 12
16
14
1 2 3
0 2 3
0 1 4
0 1 4
2 3 5
4 6 7
5 8 9
5 10 11
6 10 12
6 11 12
7 8 13
7 9 13
8 9 13
10 11 12
17
14
1 2 3
0 2 3
0 1 4
0 1 4
2 3 5
4 6 7
5 8 9
5 10 11
6 10 12
6 11 13
7 8 12
7 9 13
8 10 13
9 11 12
18
14
1 2 3
0 2 3
0 1 4
0 1 4
2 3 5
4 6 7
5 8 9
5 10 11
6 10 12
6 11 13
7 8 13
7 9 12
8 11 13
9 10 12
19
14
1 2 3
0 2 3
0 1 4
0 1 4
2 3 5
4 6 7
5 8 9
5 10 11
6 10 12
6 12 13
7 8 13
7 12 13
8 9 11
9 10 11
20
14
1 2 3
0 2 3
0 1 4
0 1 5
2 5 6
3 4 6
4 5 7
6 8 9
7 9 10
7 8 11
8 12 13
9 12 13
10 11 13
10 11 12
21
14
1 2 3
0 2 3
0 1 4
0 1 5
2 5 6
3 4 6
4 5 7
6 8 9
7 10 11
7 10 12
8 9 13
8 12 13
9 11 13
10 11 12
22
14
1 2 3
0 2 3
0 1 4
0 1 5
2 5 6
3 4 6
4 5 7
6 8 9
7 10 11
7 12 13
8 11 12
8 10 13
9 10 13
9 11 12
23
14
1 2 3
0 2 3
0 1 4
0 1 5
2 5 6
3 4 6
4 5 7
6 8 9
7 10 11
7 12 13
8 12 13
8 12 13
9 10 11
9 10 11
24
14
1 2 3
0 2 3
0 1 4
0 1 5
2 5 6
3 4 7
4 7 8
5 6 9
6 9 10
7 8 11
8 12 13
9 12 13
10 11 13
10 11 12
25
14
1 2 3
0 2 3
0 1 4
0 1 5
2 5 6
3 4 7
4 7 8
5 6 9
6 10 11
7 10 12
8 9 13
8 12 13
9 11 13
10 11 12
26
14
1 2 3
0 2 3
0 1 4
0 1 5
2 5 6
3 4 7
4 7 8
5 6 9
6 10 11
7 12 13
8 11 12
8 10 13
9 10 13
9 11 12
27
14
1 2 3
0 2 3
0 1 4
0 1 5
2 5 6
3 4 7
4 7 8
5 6 9
6 10 11
7 12 13
8 12 13
8 12 13
9 10 11
9 10 11
28
14
1 2 3
0 2 3
0 1 4
0 1 5
2 5 6
3 4 7
4 8 9
5 8 9
6 7 10
6 7 11
8 12 13
9 12 13
10 11 13
10 11 12
29
14
1 2 3
0 2 3
0 1 4
0 1 5
2 5 6
3 4 7
4 8 9
5 8 10
6 7 9
6 8 11
7 12 13
9 12 13
10 11 13
10 11 12
30
14
1 2 3
0 2 3
0 1 4
0 1 5
2 5 6
3 4 7
4 8 9
5 8 10
6 7 11
6 10 12
7 9 13
8 12 13
9 11 13
10 11 12
31
14
1 2 3
0 2 3
0 1 4
0 1 5
2 5 6
3 4 7
4 8 9
5 8 10
6 7 11
6 11 12
7 12 13
8 9 13
9 10 13
10 11 12
32
14
1 2 3
0 2 3
0 1 4
0 1 5
2 5 6
3 4 7
4 8 9
5 8 10
6 7 11
6 12 13
7 12 13
8 12 13
9 10 11
9 10 11
33
14
1 2 3
0 2 3
0 1 4
0 1 5
2 5 6
3 4 7
4 8 9
5 10 11
6 9 10
6 8 12
7 8 13
7 12 13
9 11 13
10 11 12
34
14
1 2 3
0 2 3
0 1 4
0 1 5
2 5 6
3 4 7
4 8 9
5 10 11
6 9 12
6 8 12
7 11 13
7 10 13
8 9 13
10 11 12
35
14
1 2 3
0 2 3
0 1 4
0 1 5
2 5 6
3 4 7
4 8 9
5 10 11
6 9 12
6 8 13
7 11 12
7 10 13
8 10 13
9 11 12
36
14
1 2 3
0 2 3
0 1 4
0 1 5
2 5 6
3 4 7
4 8 9
5 10 11
6 9 12
6 8 13
7 12 13
7 12 13
8 10 11
9 10 11
37
14
1 2 3
0 2 3
0 1 4
0 1 5
2 5 6
3 4 7
4 8 9
5 10 11
6 10 11
6 12 13
7 8 12
7 8 13
9 10 13
9 11 12
38
14
1 2 3
0 2 3
0 1 4
0 1 5
2 5 6
3 4 7
4 8 9
5 10 11
6 10 12
6 11 12
7 8 13
7 9 13
8 9 13
10 11 12
39
14
1 2 3
0 2 3
0 1 4
0 1 5
2 5 6
3 4 7
4 8 9
5 10 11
6 10 12
6 11 13
7 8 12
7 9 13
8 10 13
9 11 12
40
14
1 2 3
0 2 3
0 1 4
0 1 5
2 5 6
3 4 7
4 8 9
5 10 11
6 10 12
6 11 13
7 8 13
7 9 12
8 11 13
9 10 12
41
14
1 2 3
0 2 3
0 1 4
0 1 5
2 5 6
3 4 7
4 8 9
5 10 11
6 10 12
6 12 13
7 8 13
7 12 13
8 9 11
9 10 11
42
14
1 2 3
0 2 3
0 1 4
0 1 5
2 6 7
3 6 7
4 5 8
4 5 9
6 10 11
7 10 12
8 9 13
8 12 13
9 11 13
10 11 12
43
14
1 2 3
0 2 3
0 1 4
0 1 5
2 6 7
3 6 7
4 5 8
4 5 9
6 10 11
7 12 13
8 11 12
8 10 13
9 10 13
9 11 12
44
14
1 2 3
0 2 3
0 1 4
0 1 5
2 6 7
3 6 7
4 5 8
4 5 9
6 10 11
7 12 13
8 12 13
8 12 13
9 10 11
9 10 11
45
14
1 2 3
0 2 3
0 1 4
0 1 5
2 6 7
3 6 8
4 5 7
4 6 9
5 10 11
7 10 12
8 9 13
8 12 13
9 11 13
10 11 12
46
14
1 2 3
0 2 3
0 1 4
0 1 5
2 6 7
3 6 8
4 5 7
4 6 9
5 10 11
7 12 13
8 11 12
8 10 13
9 10 13
9 11 12
47
14
1 2 3
0 2 3
0 1 4
0 1 5
2 6 7
3 6 8
4 5 7
4 6 9
5 10 11
7 12 13
8 12 13
8 12 13
9 10 11
9 10 11
48
14
1 2 3
0 2 3
0 1 4
0 1 5
2 6 7
3 6 8
4 5 9
4 8 9
5 7 10
6 7 11
8 12 13
9 12 13
10 11 13
10 11 12
49
14
1 2 3
0 2 3
0 1 4
0 1 5
2 6 7
3 6 8
4 5 9
4 8 10
5 7 10
6 11 12
7 8 13
9 12 13
9 11 13
10 11 12
50
14
1 2 3
0 2 3
0 1 4
0 1 5
2 6 7
3 6 8
4 5 9
4 8 10
5 7 11
6 10 12
7 9 13
8 12 13
9 11 13
10 11 12
51
14
1 2 3
0 2 3
0 1 4
0 1 5
2 6 7
3 6 8
4 5 9
4 8 10
5 7 11
6 12 13
7 11 12
8 10 13
9 10 13
9 11 12
52
14
1 2 3
0 2 3
0 1 4
0 1 5
2 6 7
3 6 8
4 5 9
4 8 10
5 7 11
6 12 13
7 12 13
8 12 13
9 10 11
9 10 11
53
14
1 2 3
0 2 3
0 1 4
0 1 5
2 6 7
3 6 8
4 5 9
4 9 10
5 9 11
6 7 8
7 12 13
8 12 13
10 11 13
10 11 12
54
14
1 2 3
0 2 3
0 1 4
0 1 5
2 6 7
3 6 8
4 5 9
4 9 10
5 10 11
6 7 12
7 8 13
8 12 13
9 11 13
10 11 12
55
14
1 2 3
0 2 3
0 1 4
0 1 5
2 6 7
3 6 8
4 5 9
4 9 10
5 11 12
6 7 10
7 9 13
8 12 13
8 11 13
10 11 12
56
14
1 2 3
0 2 3
0 1 4
0 1 5
2 6 7
3 6 8
4 5 9
4 9 10
5 11 12
6 7 11
7 12 13
8 9 13
8 10 13
10 11 12
57
14
1 2 3
0 2 3
0 1 4
0 1 5
2 6 7
3 6 8
4 5 9
4 9 10
5 11 12
6 7 13
7 11 12
8 10 13
8 10 13
9 11 12
58
14
1 2 3
0 2 3
0 1 4
0 1 5
2 6 7
3 6 8
4 5 9
4 9 10
5 11 12
6 7 13
7 11 13
8 10 12
8 11 13
9 10 12
59
14
1 2 3
0 2 3
0 1 4
0 1 5
2 6 7
3 6 8
4 5 9
4 10 11
5 10 11
6 12 13
7 8 12
7 8 13
9 10 13
9 11 12
60
14
1 2 3
0 2 3
0 1 4
0 1 5
2 6 7
3 6 8
4 5 9
4 10 11
5 10 12
6 10 13
7 8 9
7 12 13
8 11 13
9 11 12
61
14
1 2 3
0 2 3
0 1 4
0 1 5
2 6 7
3 6 8
4 5 9
4 10 11
5 10 12
6 11 12
7 8 13
7 9 13
8 9 13
10 11 12
62
14
1 2 3
0 2 3
0 1 4
0 1 5
2 6 7
3 6 8
4 5 9
4 10 11
5 10 12
6 11 13
7 8 12
7 9 13
8 10 13
9 11 12
63
14
1 2 3
0 2 3
0 1 4
0 1 5
2 6 7
3 6 8
4 5 9
4 10 11
5 10 12
6 11 13
7 8 13
7 9 12
8 11 13
9 10 12
64
14
1 2 3
0 2 3
0 1 4
0 1 5
2 6 7
3 6 8
4 5 9
4 10 11
5 12 13
6 10 11
7 9 12
7 9 13
8 10 13
8 11 12
65
14
1 2 3
0 2 3
0 1 4
0 1 5
2 6 7
3 6 8
4 5 9
4 10 11
5 12 13
6 10 12
7 9 11
7 10 13
8 9 13
8 11 12
66
14
1 2 3
0 2 3
0 1 4
0 1 5
2 6 7
3 6 8
4 5 9
4 10 11
5 12 13
6 10 12
7 9 13
7 12 13
8 9 11
8 10 11
67
14
1 2 3
0 2 3
0 1 4
0 1 5
2 6 7
3 8 9
4 7 8
4 6 10
5 6 9
5 8 11
7 12 13
9 12 13
10 11 13
10 11 12
68
14
1 2 3
0 2 3
0 1 4
0 1 5
2 6 7
3 8 9
4 7 8
4 6 10
5 6 11
5 10 12
7 9 13
8 12 13
9 11 13
10 11 12
69
14
1 2 3
0 2 3
0 1 4
0 1 5
2 6 7
3 8 9
4 7 8
4 6 10
5 6 11
5 11 12
7 12 13
8 9 13
9 10 13
10 11 12
70
14
1 2 3
0 2 3
0 1 4
0 1 5
2 6 7
3 8 9
4 7 8
4 6 10
5 6 11
5 12 13
7 11 12
8 10 13
9 10 13
9 11 12
71
14
1 2 3
0 2 3
0 1 4
0 1 5
2 6 7
3 8 9
4 7 8
4 6 10
5 6 11
5 12 13
7 12 13
8 12 13
9 10 11
9 10 11
72
14
1 2 3
0 2 3
0 1 4
0 1 5
2 6 7
3 8 9
4 7 10
4 6 10
5 9 11
5 8 12
6 7 13
8 12 13
9 11 13
10 11 12
73
14
1 2 3
0 2 3
0 1 4
0 1 5
2 6 7
3 8 9
4 7 10
4 6 10
5 11 12
5 11 12
6 7 13
8 9 13
8 9 13
10 11 12
74
14
1 2 3
0 2 3
0 1 4
0 1 5
2 6 7
3 8 9
4 7 10
4 6 10
5 11 12
5 11 13
6 7 12
8 9 13
8 10 13
9 11 12
75
14
1 2 3
0 2 3
0 1 4
0 1 5
2 6 7
3 8 9
4 7 10
4 6 11
5 9 10
5 8 12
6 8 13
7 12 13
9 11 13
10 11 12
76
14
1 2 3
0 2 3
0 1 4
0 1 5
2 6 7
3 8 9
4 7 10
4 6 11
5 9 12
5 8 13
6 11 12
7 10 13
8 10 13
9 11 12
77
14
1 2 3
0 2 3
0 1 4
0 1 5
2 6 7
3 8 9
4 7 10
4 6 11
5 9 12
5 8 13
6 12 13
7 12 13
8 10 11
9 10 11
78
14
1 2 3
0 2 3
0 1 4
0 1 5
2 6 7
3 8 9
4 7 10
4 6 11
5 10 11
5 12 13
6 8 12
7 8 13
9 10 13
9 11 12
79
14
1 2 3
0 2 3
0 1 4
0 1 5
2 6 7
3 8 9
4 7 10
4 6 11
5 10 12
5 10 13
6 8 9
7 12 13
8 11 13
9 11 12
80
14
1 2 3
0 2 3
0 1 4
0 1 5
2 6 7
3 8 9
4 7 10
4 6 11
5 10 12
5 11 12
6 8 13
7 9 13
8 9 13
10 11 12
81
14
1 2 3
0 2 3
0 1 4
0 1 5
2 6 7
3 8 9
4 7 10
4 6 11
5 10 12
5 11 13
6 8 12
7 9 13
8 10 13
9 11 12
82
14
1 2 3
0 2 3
0 1 4
0 1 5
2 6 7
3 8 9
4 7 10
4 6 11
5 10 12
5 11 13
6 8 13
7 9 12
8 11 13
9 10 12
83
14
1 2 3
0 2 3
0 1 4
0 1 5
2 6 7
3 8 9
4 7 10
4 6 11
5 10 12
5 12 13
6 8 11
7 10 13
8 9 13
9 11 12
84
14
1 2 3
0 2 3
0 1 4
0 1 5
2 6 7
3 8 9
4 7 10
4 6 11
5 10 12
5 12 13
6 8 13
7 12 13
8 9 11
9 10 11
85
14
1 2 3
0 2 3
0 1 4
0 1 5
2 6 7
3 8 9
4 7 10
4 6 11
5 12 13
5 12 13
6 11 12
7 10 13
8 9 10
8 9 11
86
14
1 2 3
0 2 3
0 1 4
0 1 5
2 6 7
3 8 9
4 8 9
4 8 10
5 6 7
5 6 11
7 12 13
9 12 13
10 11 13
10 11 12
87
14
1 2 3
0 2 3
0 1 4
0 1 5
2 6 7
3 8 9
4 8 9
4 10 11
5 6 10
5 6 12
7 8 13
7 12 13
9 11 13
10 11 12
88
14
1 2 3
0 2 3
0 1 4
0 1 5
2 6 7
3 8 9
4 8 9
4 10 11
5 6 12
5 6 12
7 11 13
7 10 13
8 9 13
10 11 12
89
14
1 2 3
0 2 3
0 1 4
0 1 5
2 6 7
3 8 9
4 8 9
4 10 11
5 6 12
5 6 13
7 11 12
7 10 13
8 10 13
9 11 12
90
14
1 2 3
0 2 3
0 1 4
0 1 5
2 6 7
3 8 9
4 8 9
4 10 11
5 6 12
5 6 13
7 12 13
7 12 13
8 10 11
9 10 11
91
14
1 2 3
0 2 3
0 1 4
0 1 5
2 6 7
3 8 9
4 8 10
4 9 10
5 6 11
5 7 12
6 7 13
8 12 13
9 11 13
10 11 12
92
14
1 2 3
0 2 3
0 1 4
0 1 5
2 6 7
3 8 9
4 8 10
4 9 11
5 6 10
5 7 12
6 8 13
7 12 13
9 11 13
10 11 12
93
14
1 2 3
0 2 3
0 1 4
0 1 5
2 6 7
3 8 9
4 8 10
4 9 11
5 6 11
5 7 12
6 12 13
7 8 13
9 10 13
10 11 12
94
14
1 2 3
0 2 3
0 1 4
0 1 5
2 6 7
3 8 9
4 8 10
4 9 11
5 6 12
5 7 13
6 11 12
7 10 13
8 10 13
9 11 12
95
14
1 2 3
0 2 3
0 1 4
0 1 5
2 6 7
3 8 9
4 8 10
4 9 11
5 6 12
5 7 13
6 11 13
7 10 12
8 11 13
9 10 12
96
14
1 2 3
0 2 3
0 1 4
0 1 5
2 6 7
3 8 9
4 8 10
4 9 11
5 6 12
5 7 13
6 12 13
7 12 13
8 10 11
9 10 11
97
14
1 2 3
0 2 3
0 1 4
0 1 5
2 6 7
3 8 9
4 8 10
4 10 11
5 6 10
5 12 13
6 7 8
7 12 13
9 11 13
9 11 12
98
14
1 2 3
0 2 3
0 1 4
0 1 5
2 6 7
3 8 9
4 8 10
4 10 11
5 6 11
5 12 13
6 7 12
7 8 13
9 10 13
9 11 12
99
14
1 2 3
0 2 3
0 1 4
0 1 5
2 6 7
3 8 9
4 8 10
4 10 11
5 6 12
5 10 13
6 7 9
7 12 13
8 11 13
9 11 12
100
14
1 2 3
0 2 3
0 1 4
0 1 5
2 6 7
3 8 9
4 8 10
4 10 11
5 6 12
5 11 12
6 7 13
7 9 13
8 9 13
10 11 12
101
14
1 2 3
0 2 3
0 1 4
0 1 5
2 6 7
3 8 9
4 8 10
4 10 11
5 6 12
5 11 13
6 7 12
7 9 13
8 10 13
9 11 12
102
14
1 2 3
0 2 3
0 1 4
0 1 5
2 6 7
3 8 9
4 8 10
4 10 11
5 6 12
5 11 13
6 7 13
7 9 12
8 11 13
9 10 12
103
14
1 2 3
0 2 3
0 1 4
0 1 5
2 6 7
3 8 9
4 8 10
4 10 11
5 6 12
5 12 13
6 7 11
7 10 13
8 9 13
9 11 12
104
14
1 2 3
0 2 3
0 1 4
0 1 5
2 6 7
3 8 9
4 8 10
4 10 11
5 6 12
5 12 13
6 7 13
7 12 13
8 9 11
9 10 11
105
14
1 2 3
0 2 3
0 1 4
0 1 5
2 6 7
3 8 9
4 8 10
4 11 12
5 6 10
5 11 12
6 8 13
7 9 13
7 9 13
10 11 12
106
14
1 2 3
0 2 3
0 1 4
0 1 5
2 6 7
3 8 9
4 8 10
4 11 12
5 6 10
5 11 13
6 8 12
7 9 13
7 10 13
9 11 12
107
14
1 2 3
0 2 3
0 1 4
0 1 5
2 6 7
3 8 9
4 8 10
4 11 12
5 6 11
5 10 12
6 9 13
7 8 13
7 9 13
10 11 12
108
14
1 2 3
0 2 3
0 1 4
0 1 5
2 6 7
3 8 9
4 8 10
4 11 12
5 6 11
5 10 13
6 9 12
7 8 13
7 10 13
9 11 12
109
14
1 2 3
0 2 3
0 1 4
0 1 5
2 6 7
3 8 9
4 8 10
4 11 12
5 6 11
5 10 13
6 9 13
7 8 12
7 11 13
9 10 12
110
14
1 2 3
0 2 3
0 1 4
0 1 5
2 6 7
3 8 9
4 8 10
4 11 12
5 6 11
5 12 13
6 11 13
7 8 10
7 9 13
9 10 12
111
14
1 2 3
0 2 3
0 1 4
0 1 5
2 6 7
3 8 9
4 8 10
4 11 12
5 6 11
5 12 13
6 12 13
7 8 13
7 9 10
9 10 11
112
14
1 2 3
0 2 3
0 1 4
0 1 5
2 6 7
3 8 9
4 8 10
4 11 12
5 6 13
5 11 12
6 11 13
7 9 10
7 9 13
8 10 12
113
14
1 2 3
0 2 3
0 1 4
0 1 5
2 6 7
3 8 9
4 10 11
4 10 11
5 10 12
5 12 13
6 7 8
6 7 13
8 9 13
9 11 12
114
14
1 2 3
0 2 3
0 1 4
0 1 5
2 6 7
3 8 9
4 10 11
4 10 11
5 12 13
5 12 13
6 7 12
6 7 13
8 9 10
8 9 11
115
14
1 2 3
0 2 3
0 1 4
0 1 5
2 6 7
3 8 9
4 10 11
4 10 12
5 10 11
5 12 13
6 7 8
6 8 13
7 9 13
9 11 12
116
14
1 2 3
0 2 3
0 1 4
0 1 5
2 6 7
3 8 9
4 10 11
4 10 12
5 10 13
5 11 12
6 7 8
6 9 13
7 9 13
8 11 12
117
14
1 2 3
0 2 3
0 1 4
0 1 5
2 6 7
3 8 9
4 10 11
4 10 12
5 10 13
5 11 13
6 7 8
6 9 12
7 11 13
8 9 12
118
14
1 2 3
0 2 3
0 1 4
0 1 5
2 6 7
3 8 9
4 10 11
4 10 12
5 11 13
5 12 13
6 7 11
6 8 10
7 9 13
8 9 12
119
14
1 2 3
0 2 3
0 1 4
0 1 5
2 6 7
3 8 9
4 10 11
4 10 12
5 11 13
5 12 13
6 7 13
6 8 12
7 9 11
8 9 10
120
14
1 2 3
0 2 3
0 1 4
0 1 5
2 6 7
3 8 9
4 10 11
4 12 13
5 10 11
5 12 13
6 8 11
6 8 10
7 9 13
7 9 12
121
14
1 2 3
0 2 3
0 1 4
0 1 5
2 6 7
3 8 9
4 10 11
4 12 13
5 10 11
5 12 13
6 8 12
6 8 13
7 9 10
7 9 11
122
14
1 2 3
0 2 3
0 1 4
0 1 5
2 6 7
3 8 9
4 10 11
4 12 13
5 10 12
5 11 13
6 8 11
6 9 10
7 8 13
7 9 12
123
14
1 2 3
0 2 3
0 1 4
0 1 5
2 6 7
3 8 9
4 10 11
4 12 13
5 10 12
5 11 13
6 8 13
6 9 12
7 8 11
7 9 10
124
14
1 2 3
0 2 4
0 1 5
0 4 5
1 3 6
2 3 6
4 5 7
6 8 9
7 10 11
7 10 12
8 9 13
8 12 13
9 11 13
10 11 12
125
14
1 2 3
0 2 4
0 1 5
0 4 5
1 3 6
2 3 6
4 5 7
6 8 9
7 10 11
7 12 13
8 11 12
8 10 13
9 10 13
9 11 12
126
14
1 2 3
0 2 4
0 1 5
0 4 5
1 3 6
2 3 6
4 5 7
6 8 9
7 10 11
7 12 13
8 12 13
8 12 13
9 10 11
9 10 11
127
14
1 2 3
0 2 4
0 1 5
0 4 5
1 3 6
2 3 7
4 7 8
5 6 9
6 10 11
7 10 12
8 9 13
8 12 13
9 11 13
10 11 12
128
14
1 2 3
0 2 4
0 1 5
0 4 5
1 3 6
2 3 7
4 7 8
5 6 9
6 10 11
7 12 13
8 11 12
8 10 13
9 10 13
9 11 12
129
14
1 2 3
0 2 4
0 1 5
0 4 5
1 3 6
2 3 7
4 7 8
5 6 9
6 10 11
7 12 13
8 12 13
8 12 13
9 10 11
9 10 11
130
14
1 2 3
0 2 4
0 1 5
0 4 5
1 3 6
2 3 7
4 8 9
5 8 10
6 7 11
6 10 12
7 9 13
8 12 13
9 11 13
10 11 12
131
14
1 2 3
0 2 4
0 1 5
0 4 5
1 3 6
2 3 7
4 8 9
5 8 10
6 7 11
6 11 12
7 12 13
8 9 13
9 10 13
10 11 12
132
14
1 2 3
0 2 4
0 1 5
0 4 5
1 3 6
2 3 7
4 8 9
5 8 10
6 7 11
6 12 13
7 12 13
8 12 13
9 10 11
9 10 11
133
14
1 2 3
0 2 4
0 1 5
0 4 5
1 3 6
2 3 7
4 8 9
5 10 11
6 9 10
6 8 12
7 8 13
7 12 13
9 11 13
10 11 12
134
14
1 2 3
0 2 4
0 1 5
0 4 5
1 3 6
2 3 7
4 8 9
5 10 11
6 9 12
6 8 13
7 11 12
7 10 13
8 10 13
9 11 12
135
14
1 2 3
0 2 4
0 1 5
0 4 5
1 3 6
2 3 7
4 8 9
5 10 11
6 9 12
6 8 13
7 12 13
7 12 13
8 10 11
9 10 11
136
14
1 2 3
0 2 4
0 1 5
0 4 5
1 3 6
2 3 7
4 8 9
5 10 11
6 10 11
6 12 13
7 8 12
7 8 13
9 10 13
9 11 12
137
14
1 2 3
0 2 4
0 1 5
0 4 5
1 3 6
2 3 7
4 8 9
5 10 11
6 10 12
6 11 12
7 8 13
7 9 13
8 9 13
10 11 12
138
14
1 2 3
0 2 4
0 1 5
0 4 5
1 3 6
2 3 7
4 8 9
5 10 11
6 10 12
6 11 13
7 8 12
7 9 13
8 10 13
9 11 12
139
14
1 2 3
0 2 4
0 1 5
0 4 5
1 3 6
2 3 7
4 8 9
5 10 11
6 10 12
6 11 13
7 8 13
7 9 12
8 11 13
9 10 12
140
14
1 2 3
0 2 4
0 1 5
0 4 5
1 3 6
2 3 7
4 8 9
5 10 11
6 10 12
6 12 13
7 8 13
7 12 13
8 9 11
9 10 11
141
14
1 2 3
0 2 4
0 1 5
0 4 6
1 3 6
2 6 7
3 4 5
5 8 9
7 10 11
7 12 13
8 11 12
8 10 13
9 10 13
9 11 12
142
14
1 2 3
0 2 4
0 1 5
0 4 6
1 3 6
2 6 7
3 4 5
5 8 9
7 10 11
7 12 13
8 12 13
8 12 13
9 10 11
9 10 11
143
14
1 2 3
0 2 4
0 1 5
0 4 6
1 3 6
2 7 8
3 4 7
5 6 9
5 10 11
7 12 13
8 11 12
8 10 13
9 10 13
9 11 12
144
14
1 2 3
0 2 4
0 1 5
0 4 6
1 3 6
2 7 8
3 4 7
5 6 9
5 10 11
7 12 13
8 12 13
8 12 13
9 10 11
9 10 11
145
14
1 2 3
0 2 4
0 1 5
0 4 6
1 3 6
2 7 8
3 4 9
5 8 10
5 7 11
6 10 12
7 9 13
8 12 13
9 11 13
10 11 12
146
14
1 2 3
0 2 4
0 1 5
0 4 6
1 3 6
2 7 8
3 4 9
5 8 10
5 7 11
6 12 13
7 11 12
8 10 13
9 10 13
9 11 12
147
14
1 2 3
0 2 4
0 1 5
0 4 6
1 3 6
2 7 8
3 4 9
5 8 10
5 7 11
6 12 13
7 12 13
8 12 13
9 10 11
9 10 11
148
14
1 2 3
0 2 4
0 1 5
0 4 6
1 3 6
2 7 8
3 4 9
5 9 10
5 10 11
6 7 12
7 8 13
8 12 13
9 11 13
10 11 12
149
14
1 2 3
0 2 4
0 1 5
0 4 6
1 3 6
2 7 8
3 4 9
5 9 10
5 11 12
6 7 11
7 12 13
8 9 13
8 10 13
10 11 12
150
14
1 2 3
0 2 4
0 1 5
0 4 6
1 3 6
2 7 8
3 4 9
5 9 10
5 11 12
6 7 13
7 11 12
8 10 13
8 10 13
9 11 12
151
14
1 2 3
0 2 4
0 1 5
0 4 6
1 3 6
2 7 8
3 4 9
5 10 11
5 10 12
6 10 13
7 8 9
7 12 13
8 11 13
9 11 12
152
14
1 2 3
0 2 4
0 1 5
0 4 6
1 3 6
2 7 8
3 4 9
5 10 11
5 10 12
6 11 12
7 8 13
7 9 13
8 9 13
10 11 12
153
14
1 2 3
0 2 4
0 1 5
0 4 6
1 3 6
2 7 8
3 4 9
5 10 11
5 10 12
6 11 13
7 8 13
7 9 12
8 11 13
9 10 12
154
14
1 2 3
0 2 4
0 1 5
0 4 6
1 3 6
2 7 8
3 4 9
5 10 11
5 12 13
6 10 12
7 9 11
7 10 13
8 9 13
8 11 12
155
14
1 2 3
0 2 4
0 1 5
0 4 6
1 3 6
2 7 8
3 4 9
5 10 11
5 12 13
6 10 12
7 9 13
7 12 13
8 9 11
8 10 11
156
14
1 2 3
0 2 4
0 1 5
0 4 6
1 3 7
2 6 7
3 5 8
4 5 9
6 10 11
7 12 13
8 12 13
8 12 13
9 10 11
9 10 11
157
14
1 2 3
0 2 4
0 1 5
0 4 6
1 3 7
2 6 8
3 5 7
4 6 9
5 10 11
7 12 13
8 12 13
8 12 13
9 10 11
9 10 11
158
14
1 2 3
0 2 4
0 1 5
0 4 6
1 3 7
2 6 8
3 5 8
4 9 10
5 6 11
7 12 13
7 12 13
8 12 13
9 10 11
9 10 11
159
14
1 2 3
0 2 4
0 1 5
0 4 6
1 3 7
2 6 8
3 5 9
4 8 10
5 7 11
6 10 12
7 9 13
8 12 13
9 11 13
10 11 12
160
14
1 2 3
0 2 4
0 1 5
0 4 6
1 3 7
2 6 8
3 5 9
4 8 10
5 7 11
6 11 12
7 12 13
8 9 13
9 10 13
10 11 12
161
14
1 2 3
0 2 4
0 1 5
0 4 6
1 3 7
2 6 8
3 5 9
4 8 10
5 7 11
6 12 13
7 11 12
8 10 13
9 10 13
9 11 12
162
14
1 2 3
0 2 4
0 1 5
0 4 6
1 3 7
2 6 8
3 5 9
4 8 10
5 7 11
6 12 13
7 12 13
8 12 13
9 10 11
9 10 11
163
14
1 2 3
0 2 4
0 1 5
0 4 6
1 3 7
2 6 8
3 5 9
4 9 10
5 11 12
6 7 11
7 12 13
8 9 13
8 10 13
10 11 12
164
14
1 2 3
0 2 4
0 1 5
0 4 6
1 3 7
2 6 8
3 5 9
4 9 10
5 11 12
6 7 13
7 11 12
8 10 13
8 10 13
9 11 12
165
14
1 2 3
0 2 4
0 1 5
0 4 6
1 3 7
2 6 8
3 5 9
4 9 10
5 11 12
6 7 13
7 11 13
8 10 12
8 11 13
9 10 12
166
14
1 2 3
0 2 4
0 1 5
0 4 6
1 3 7
2 6 8
3 5 9
4 10 11
5 9 10
6 8 12
7 8 13
7 12 13
9 11 13
10 11 12
167
14
1 2 3
0 2 4
0 1 5
0 4 6
1 3 7
2 6 8
3 5 9
4 10 11
5 9 12
6 8 10
7 9 13
7 12 13
8 11 13
10 11 12
168
14
1 2 3
0 2 4
0 1 5
0 4 6
1 3 7
2 6 8
3 5 9
4 10 11
5 9 12
6 8 13
7 11 12
7 10 13
8 10 13
9 11 12
169
14
1 2 3
0 2 4
0 1 5
0 4 6
1 3 7
2 6 8
3 5 9
4 10 11
5 9 12
6 8 13
7 12 13
7 12 13
8 10 11
9 10 11
170
14
1 2 3
0 2 4
0 1 5
0 4 6
1 3 7
2 6 8
3 5 9
4 10 11
5 10 11
6 12 13
7 8 12
7 8 13
9 10 13
9 11 12
171
14
1 2 3
0 2 4
0 1 5
0 4 6
1 3 7
2 6 8
3 5 9
4 10 11
5 10 12
6 10 13
7 8 9
7 12 13
8 11 13
9 11 12
172
14
1 2 3
0 2 4
0 1 5
0 4 6
1 3 7
2 6 8
3 5 9
4 10 11
5 10 12
6 11 12
7 8 13
7 9 13
8 9 13
10 11 12
173
14
1 2 3
0 2 4
0 1 5
0 4 6
1 3 7
2 6 8
3 5 9
4 10 11
5 10 12
6 11 13
7 8 12
7 9 13
8 10 13
9 11 12
174
14
1 2 3
0 2 4
0 1 5
0 4 6
1 3 7
2 6 8
3 5 9
4 10 11
5 10 12
6 11 13
7 8 13
7 9 12
8 11 13
9 10 12
175
14
1 2 3
0 2 4
0 1 5
0 4 6
1 3 7
2 6 8
3 5 9
4 10 11
5 10 12
6 12 13
7 8 11
7 10 13
8 9 13
9 11 12
176
14
1 2 3
0 2 4
0 1 5
0 4 6
1 3 7
2 6 8
3 5 9
4 10 11
5 10 12
6 12 13
7 8 13
7 12 13
8 9 11
9 10 11
177
14
1 2 3
0 2 4
0 1 5
0 4 6
1 3 7
2 6 8
3 5 9
4 10 11
5 12 13
6 10 11
7 9 12
7 9 13
8 10 13
8 11 12
178
14
1 2 3
0 2 4
0 1 5
0 4 6
1 3 7
2 6 8
3 5 9
4 10 11
5 12 13
6 10 12
7 9 11
7 10 13
8 9 13
8 11 12
179
14
1 2 3
0 2 4
0 1 5
0 4 6
1 3 7
2 6 8
3 5 9
4 10 11
5 12 13
6 10 12
7 9 13
7 12 13
8 9 11
8 10 11
180
14
1 2 3
0 2 4
0 1 5
0 4 6
1 3 7
2 6 8
3 5 9
4 10 11
5 12 13
6 12 13
7 11 12
7 10 13
8 9 10
8 9 11
181
14
1 2 3
0 2 4
0 1 5
0 4 6
1 3 7
2 8 9
3 7 8
4 6 10
5 6 11
5 11 12
7 12 13
8 9 13
9 10 13
10 11 12
182
14
1 2 3
0 2 4
0 1 5
0 4 6
1 3 7
2 8 9
3 7 8
4 6 10
5 6 11
5 12 13
7 12 13
8 12 13
9 10 11
9 10 11
183
14
1 2 3
0 2 4
0 1 5
0 4 6
1 3 7
2 8 9
3 7 10
4 6 10
5 11 12
5 11 12
6 7 13
8 9 13
8 9 13
10 11 12
184
14
1 2 3
0 2 4
0 1 5
0 4 6
1 3 7
2 8 9
3 7 10
4 6 11
5 9 10
5 8 12
6 8 13
7 12 13
9 11 13
10 11 12
185
14
1 2 3
0 2 4
0 1 5
0 4 6
1 3 7
2 8 9
3 7 10
4 6 11
5 9 12
5 8 13
6 11 12
7 10 13
8 10 13
9 11 12
186
14
1 2 3
0 2 4
0 1 5
0 4 6
1 3 7
2 8 9
3 7 10
4 6 11
5 9 12
5 8 13
6 12 13
7 12 13
8 10 11
9 10 11
187
14
1 2 3
0 2 4
0 1 5
0 4 6
1 3 7
2 8 9
3 7 10
4 6 11
5 10 11
5 12 13
6 8 12
7 8 13
9 10 13
9 11 12
188
14
1 2 3
0 2 4
0 1 5
0 4 6
1 3 7
2 8 9
3 7 10
4 6 11
5 10 12
5 10 13
6 8 9
7 12 13
8 11 13
9 11 12
189
14
1 2 3
0 2 4
0 1 5
0 4 6
1 3 7
2 8 9
3 7 10
4 6 11
5 10 12
5 11 12
6 8 13
7 9 13
8 9 13
10 11 12
190
14
1 2 3
0 2 4
0 1 5
0 4 6
1 3 7
2 8 9
3 7 10
4 6 11
5 10 12
5 11 13
6 8 12
7 9 13
8 10 13
9 11 12
191
14
1 2 3
0 2 4
0 1 5
0 4 6
1 3 7
2 8 9
3 7 10
4 6 11
5 10 12
5 11 13
6 8 13
7 9 12
8 11 13
9 10 12
192
14
1 2 3
0 2 4
0 1 5
0 4 6
1 3 7
2 8 9
3 7 10
4 6 11
5 10 12
5 12 13
6 8 13
7 12 13
8 9 11
9 10 11
193
14
1 2 3
0 2 4
0 1 5
0 4 6
1 3 7
2 8 9
3 7 10
4 6 11
5 12 13
5 12 13
6 11 12
7 10 13
8 9 10
8 9 11
194
14
1 2 3
0 2 4
0 1 5
0 4 6
1 3 7
2 8 9
3 8 9
4 10 11
5 6 10
5 6 12
7 8 13
7 12 13
9 11 13
10 11 12
195
14
1 2 3
0 2 4
0 1 5
0 4 6
1 3 7
2 8 9
3 8 9
4 10 11
5 6 12
5 6 13
7 11 12
7 10 13
8 10 13
9 11 12
196
14
1 2 3
0 2 4
0 1 5
0 4 6
1 3 7
2 8 9
3 8 9
4 10 11
5 6 12
5 6 13
7 12 13
7 12 13
8 10 11
9 10 11
197
14
1 2 3
0 2 4
0 1 5
0 4 6
1 3 7
2 8 9
3 8 10
4 8 11
5 6 7
5 10 12
6 9 13
7 12 13
9 11 13
10 11 12
198
14
1 2 3
0 2 4
0 1 5
0 4 6
1 3 7
2 8 9
3 8 10
4 8 11
5 6 7
5 12 13
6 11 12
7 10 13
9 10 13
9 11 12
199
14
1 2 3
0 2 4
0 1 5
0 4 6
1 3 7
2 8 9
3 8 10
4 8 11
5 6 7
5 12 13
6 12 13
7 12 13
9 10 11
9 10 11
200
14
1 2 3
0 2 4
0 1 5
0 4 6
1 3 7
2 8 9
3 8 10
4 9 10
5 6 11
5 7 12
6 7 13
8 12 13
9 11 13
10 11 12
201
14
1 2 3
0 2 4
0 1 5
0 4 6
1 3 7
2 8 9
3 8 10
4 9 11
5 6 10
5 7 12
6 8 13
7 12 13
9 11 13
10 11 12
202
14
1 2 3
0 2 4
0 1 5
0 4 6
1 3 7
2 8 9
3 8 10
4 9 11
5 6 11
5 7 12
6 12 13
7 8 13
9 10 13
10 11 12
203
14
1 2 3
0 2 4
0 1 5
0 4 6
1 3 7
2 8 9
3 8 10
4 9 11
5 6 12
5 7 12
6 11 13
7 10 13
8 9 13
10 11 12
204
14
1 2 3
0 2 4
0 1 5
0 4 6
1 3 7
2 8 9
3 8 10
4 9 11
5 6 12
5 7 13
6 11 12
7 10 13
8 10 13
9 11 12
205
14
1 2 3
0 2 4
0 1 5
0 4 6
1 3 7
2 8 9
3 8 10
4 9 11
5 6 12
5 7 13
6 11 13
7 10 12
8 11 13
9 10 12
206
14
1 2 3
0 2 4
0 1 5
0 4 6
1 3 7
2 8 9
3 8 10
4 9 11
5 6 12
5 7 13
6 12 13
7 12 13
8 10 11
9 10 11
207
14
1 2 3
0 2 4
0 1 5
0 4 6
1 3 7
2 8 9
3 8 10
4 10 11
5 6 9
5 8 12
6 7 13
7 12 13
9 11 13
10 11 12
208
14
1 2 3
0 2 4
0 1 5
0 4 6
1 3 7
2 8 9
3 8 10
4 10 11
5 6 11
5 12 13
6 7 12
7 8 13
9 10 13
9 11 12
209
14
1 2 3
0 2 4
0 1 5
0 4 6
1 3 7
2 8 9
3 8 10
4 10 11
5 6 12
5 10 13
6 7 9
7 12 13
8 11 13
9 11 12
210
14
1 2 3
0 2 4
0 1 5
0 4 6
1 3 7
2 8 9
3 8 10
4 10 11
5 6 12
5 11 12
6 7 13
7 9 13
8 9 13
10 11 12
211
14
1 2 3
0 2 4
0 1 5
0 4 6
1 3 7
2 8 9
3 8 10
4 10 11
5 6 12
5 11 13
6 7 12
7 9 13
8 10 13
9 11 12
212
14
1 2 3
0 2 4
0 1 5
0 4 6
1 3 7
2 8 9
3 8 10
4 10 11
5 6 12
5 11 13
6 7 13
7 9 12
8 11 13
9 10 12
213
14
1 2 3
0 2 4
0 1 5
0 4 6
1 3 7
2 8 9
3 8 10
4 10 11
5 6 12
5 12 13
6 7 11
7 10 13
8 9 13
9 11 12
214
14
1 2 3
0 2 4
0 1 5
0 4 6
1 3 7
2 8 9
3 8 10
4 10 11
5 6 12
5 12 13
6 7 13
7 12 13
8 9 11
9 10 11
215
14
1 2 3
0 2 4
0 1 5
0 4 6
1 3 7
2 8 9
3 8 10
4 11 12
5 6 9
5 8 13
6 11 12
7 10 13
7 10 13
9 11 12
216
14
1 2 3
0 2 4
0 1 5
0 4 6
1 3 7
2 8 9
3 8 10
4 11 12
5 6 10
5 11 12
6 8 13
7 9 13
7 9 13
10 11 12
217
14
1 2 3
0 2 4
0 1 5
0 4 6
1 3 7
2 8 9
3 8 10
4 11 12
5 6 10
5 11 13
6 8 12
7 9 13
7 10 13
9 11 12
218
14
1 2 3
0 2 4
0 1 5
0 4 6
1 3 7
2 8 9
3 8 10
4 11 12
5 6 10
5 11 13
6 8 13
7 9 12
7 11 13
9 10 12
219
14
1 2 3
0 2 4
0 1 5
0 4 6
1 3 7
2 8 9
3 8 10
4 11 12
5 6 11
5 10 12
6 9 13
7 8 13
7 9 13
10 11 12
220
14
1 2 3
0 2 4
0 1 5
0 4 6
1 3 7
2 8 9
3 8 10
4 11 12
5 6 11
5 10 13
6 9 12
7 8 13
7 10 13
9 11 12
221
14
1 2 3
0 2 4
0 1 5
0 4 6
1 3 7
2 8 9
3 8 10
4 11 12
5 6 11
5 10 13
6 9 13
7 8 12
7 11 13
9 10 12
222
14
1 2 3
0 2 4
0 1 5
0 4 6
1 3 7
2 8 9
3 8 10
4 11 12
5 6 11
5 11 13
6 12 13
7 8 9
7 10 13
9 10 12
223
14
1 2 3
0 2 4
0 1 5
0 4 6
1 3 7
2 8 9
3 8 10
4 11 12
5 6 11
5 12 13
6 11 13
7 8 10
7 9 13
9 10 12
224
14
1 2 3
0 2 4
0 1 5
0 4 6
1 3 7
2 8 9
3 8 10
4 11 12
5 6 11
5 12 13
6 12 13
7 8 13
7 9 10
9 10 11
225
14
1 2 3
0 2 4
0 1 5
0 4 6
1 3 7
2 8 9
3 8 10
4 11 12
5 6 13
5 10 11
6 9 12
7 9 13
7 10 13
8 11 12
226
14
1 2 3
0 2 4
0 1 5
0 4 6
1 3 7
2 8 9
3 8 10
4 11 12
5 6 13
5 10 11
6 9 13
7 9 12
7 11 13
8 10 12
227
14
1 2 3
0 2 4
0 1 5
0 4 6
1 3 7
2 8 9
3 8 10
4 11 12
5 6 13
5 10 13
6 9 11
7 10 12
7 11 13
8 9 12
228
14
1 2 3
0 2 4
0 1 5
0 4 6
1 3 7
2 8 9
3 8 10
4 11 12
5 6 13
5 11 12
6 11 13
7 9 10
7 9 13
8 10 12
229
14
1 2 3
0 2 4
0 1 5
0 4 6
1 3 7
2 8 9
3 8 10
4 11 12
5 6 13
5 11 13
6 11 12
7 9 10
7 10 13
8 9 12
230
14
1 2 3
0 2 4
0 1 5
0 4 6
1 3 7
2 8 9
3 8 10
4 11 12
5 6 13
5 11 13
6 12 13
7 9 12
7 10 11
8 9 10
231
14
1 2 3
0 2 4
0 1 5
0 4 6
1 3 7
2 8 9
3 10 11
4 10 11
5 9 12
5 8 13
6 7 12
6 7 13
8 10 13
9 11 12
232
14
1 2 3
0 2 4
0 1 5
0 4 6
1 3 7
2 8 9
3 10 11
4 10 11
5 12 13
5 12 13
6 7 12
6 7 13
8 9 10
8 9 11
233
14
1 2 3
0 2 4
0 1 5
0 4 6
1 3 7
2 8 9
3 10 11
4 10 12
5 9 10
5 8 13
6 7 8
6 12 13
7 11 13
9 11 12
234
14
1 2 3
0 2 4
0 1 5
0 4 6
1 3 7
2 8 9
3 10 11
4 10 12
5 9 11
5 8 12
6 7 13
6 8 13
7 9 13
10 11 12
235
14
1 2 3
0 2 4
0 1 5
0 4 6
1 3 7
2 8 9
3 10 11
4 10 12
5 9 11
5 8 13
6 7 12
6 8 13
7 10 13
9 11 12
236
14
1 2 3
0 2 4
0 1 5
0 4 6
1 3 7
2 8 9
3 10 11
4 10 12
5 9 11
5 8 13
6 7 13
6 8 12
7 11 13
9 10 12
237
14
1 2 3
0 2 4
0 1 5
0 4 6
1 3 7
2 8 9
3 10 11
4 10 12
5 10 11
5 12 13
6 7 8
6 8 13
7 9 13
9 11 12
238
14
1 2 3
0 2 4
0 1 5
0 4 6
1 3 7
2 8 9
3 10 11
4 10 12
5 10 13
5 11 12
6 7 8
6 9 13
7 9 13
8 11 12
239
14
1 2 3
0 2 4
0 1 5
0 4 6
1 3 7
2 8 9
3 10 11
4 10 12
5 10 13
5 11 13
6 7 8
6 9 12
7 11 13
8 9 12
240
14
1 2 3
0 2 4
0 1 5
0 4 6
1 3 7
2 8 9
3 10 11
4 10 12
5 11 12
5 11 13
6 7 13
6 8 9
7 8 13
9 10 12
241
14
1 2 3
0 2 4
0 1 5
0 4 6
1 3 7
2 8 9
3 10 11
4 10 12
5 11 13
5 11 13
6 7 12
6 8 9
7 10 13
8 9 12
242
14
1 2 3
0 2 4
0 1 5
0 4 6
1 3 7
2 8 9
3 10 11
4 10 12
5 11 13
5 12 13
6 7 13
6 8 12
7 9 11
8 9 10
243
14
1 2 3
0 2 4
0 1 5
0 4 6
1 3 7
2 8 9
3 10 11
4 12 13
5 9 10
5 8 11
6 8 12
6 9 13
7 10 13
7 11 12
244
14
1 2 3
0 2 4
0 1 5
0 4 6
1 3 7
2 8 9
3 10 11
4 12 13
5 9 10
5 8 12
6 8 11
6 10 13
7 9 13
7 11 12
245
14
1 2 3
0 2 4
0 1 5
0 4 6
1 3 7
2 8 9
3 10 11
4 12 13
5 9 10
5 8 12
6 8 13
6 12 13
7 9 11
7 10 11
246
14
1 2 3
0 2 4
0 1 5
0 4 6
1 3 7
2 8 9
3 10 11
4 12 13
5 10 11
5 10 12
6 8 9
6 8 13
7 9 13
7 11 12
247
14
1 2 3
0 2 4
0 1 5
0 4 6
1 3 7
2 8 9
3 10 11
4 12 13
5 10 11
5 12 13
6 8 12
6 8 13
7 9 10
7 9 11
248
14
1 2 3
0 2 4
0 1 5
0 4 6
1 3 7
2 8 9
3 10 11
4 12 13
5 10 12
5 10 13
6 8 9
6 12 13
7 8 11
7 9 11
249
14
1 2 3
0 2 4
0 1 5
0 4 6
1 3 7
2 8 9
3 10 11
4 12 13
5 10 12
5 11 13
6 8 11
6 9 10
7 8 13
7 9 12
250
14
1 2 3
0 2 4
0 1 5
0 4 6
1 3 7
2 8 9
3 10 11
4 12 13
5 10 12
5 11 13
6 8 12
6 9 13
7 8 10
7 9 11
251
14
1 2 3
0 2 4
0 1 5
0 4 6
1 3 7
2 8 9
3 10 11
4 12 13
5 10 12
5 11 13
6 8 13
6 9 12
7 8 11
7 9 10
252
14
1 2 3
0 2 4
0 1 5
0 6 7
1 6 7
2 6 8
3 4 5
3 4 9
5 10 11
7 12 13
8 12 13
8 12 13
9 10 11
9 10 11
253
14
1 2 3
0 2 4
0 1 5
0 6 7
1 6 7
2 8 9
3 4 8
3 4 10
5 6 11
5 12 13
7 12 13
8 12 13
9 10 11
9 10 11
254
14
1 2 3
0 2 4
0 1 5
0 6 7
1 6 7
2 8 9
3 4 10
3 4 10
5 11 12
5 11 12
6 7 13
8 9 13
8 9 13
10 11 12
255
14
1 2 3
0 2 4
0 1 5
0 6 7
1 6 7
2 8 9
3 4 10
3 4 11
5 9 10
5 8 12
6 8 13
7 12 13
9 11 13
10 11 12
256
14
1 2 3
0 2 4
0 1 5
0 6 7
1 6 7
2 8 9
3 4 10
3 4 11
5 9 12
5 8 13
6 12 13
7 12 13
8 10 11
9 10 11
257
14
1 2 3
0 2 4
0 1 5
0 6 7
1 6 7
2 8 9
3 4 10
3 4 11
5 10 11
5 12 13
6 8 12
7 8 13
9 10 13
9 11 12
258
14
1 2 3
0 2 4
0 1 5
0 6 7
1 6 7
2 8 9
3 4 10
3 4 11
5 10 12
5 10 13
6 8 9
7 12 13
8 11 13
9 11 12
259
14
1 2 3
0 2 4
0 1 5
0 6 7
1 6 7
2 8 9
3 4 10
3 4 11
5 10 12
5 11 12
6 8 13
7 9 13
8 9 13
10 11 12
260
14
1 2 3
0 2 4
0 1 5
0 6 7
1 6 7
2 8 9
3 4 10
3 4 11
5 10 12
5 11 13
6 8 12
7 9 13
8 10 13
9 11 12
261
14
1 2 3
0 2 4
0 1 5
0 6 7
1 6 7
2 8 9
3 4 10
3 4 11
5 10 12
5 11 13
6 8 13
7 9 12
8 11 13
9 10 12
262
14
1 2 3
0 2 4
0 1 5
0 6 7
1 6 7
2 8 9
3 4 10
3 4 11
5 10 12
5 12 13
6 8 13
7 12 13
8 9 11
9 10 11
263
14
1 2 3
0 2 4
0 1 5
0 6 7
1 6 7
2 8 9
3 4 10
3 4 11
5 12 13
5 12 13
6 11 12
7 10 13
8 9 10
8 9 11
264
14
1 2 3
0 2 4
0 1 5
0 6 7
1 6 8
2 6 9
3 4 5
3 8 10
4 7 11
5 12 13
7 12 13
8 12 13
9 10 11
9 10 11
265
14
1 2 3
0 2 4
0 1 5
0 6 7
1 6 8
2 6 9
3 4 5
3 10 11
4 10 12
5 10 13
7 8 9
7 12 13
8 11 13
9 11 12
266
14
1 2 3
0 2 4
0 1 5
0 6 7
1 6 8
2 6 9
3 4 5
3 10 11
4 10 12
5 11 12
7 8 13
7 9 13
8 9 13
10 11 12
267
14
1 2 3
0 2 4
0 1 5
0 6 7
1 6 8
2 6 9
3 4 5
3 10 11
4 10 12
5 11 13
7 8 12
7 9 13
8 10 13
9 11 12
268
14
1 2 3
0 2 4
0 1 5
0 6 7
1 6 8
2 6 9
3 4 5
3 10 11
4 10 12
5 11 13
7 8 13
7 9 12
8 11 13
9 10 12
269
14
1 2 3
0 2 4
0 1 5
0 6 7
1 6 8
2 7 8
3 4 9
3 5 10
4 5 11
6 12 13
7 12 13
8 12 13
9 10 11
9 10 11
270
14
1 2 3
0 2 4
0 1 5
0 6 7
1 6 8
2 7 9
3 4 7
3 5 6
4 10 11
5 12 13
8 12 13
8 12 13
9 10 11
9 10 11
271
14
1 2 3
0 2 4
0 1 5
0 6 7
1 6 8
2 7 9
3 4 8
3 5 10
4 6 11
5 12 13
7 12 13
8 12 13
9 10 11
9 10 11
272
14
1 2 3
0 2 4
0 1 5
0 6 7
1 6 8
2 7 9
3 4 9
3 5 10
4 11 12
5 6 13
7 11 12
8 10 13
8 10 13
9 11 12
273
14
1 2 3
0 2 4
0 1 5
0 6 7
1 6 8
2 7 9
3 4 10
3 5 10
4 11 12
5 11 12
6 7 13
8 9 13
8 9 13
10 11 12
274
14
1 2 3
0 2 4
0 1 5
0 6 7
1 6 8
2 7 9
3 4 10
3 5 11
4 9 10
5 8 12
6 8 13
7 12 13
9 11 13
10 11 12
275
14
1 2 3
0 2 4
0 1 5
0 6 7
1 6 8
2 7 9
3 4 10
3 5 11
4 9 11
5 8 12
6 12 13
7 8 13
9 10 13
10 11 12
276
14
1 2 3
0 2 4
0 1 5
0 6 7
1 6 8
2 7 9
3 4 10
3 5 11
4 9 12
5 8 12
6 11 13
7 10 13
8 9 13
10 11 12
277
14
1 2 3
0 2 4
0 1 5
0 6 7
1 6 8
2 7 9
3 4 10
3 5 11
4 9 12
5 8 13
6 11 12
7 10 13
8 10 13
9 11 12
278
14
1 2 3
0 2 4
0 1 5
0 6 7
1 6 8
2 7 9
3 4 10
3 5 11
4 9 12
5 8 13
6 11 13
7 10 12
8 11 13
9 10 12
279
14
1 2 3
0 2 4
0 1 5
0 6 7
1 6 8
2 7 9
3 4 10
3 5 11
4 9 12
5 8 13
6 12 13
7 12 13
8 10 11
9 10 11
280
14
1 2 3
0 2 4
0 1 5
0 6 7
1 6 8
2 7 9
3 4 10
3 5 11
4 10 11
5 12 13
6 8 12
7 8 13
9 10 13
9 11 12
281
14
1 2 3
0 2 4
0 1 5
0 6 7
1 6 8
2 7 9
3 4 10
3 5 11
4 10 12
5 10 13
6 8 9
7 12 13
8 11 13
9 11 12
282
14
1 2 3
0 2 4
0 1 5
0 6 7
1 6 8
2 7 9
3 4 10
3 5 11
4 10 12
5 11 12
6 8 13
7 9 13
8 9 13
10 11 12
283
14
1 2 3
0 2 4
0 1 5
0 6 7
1 6 8
2 7 9
3 4 10
3 5 11
4 10 12
5 11 13
6 8 13
7 9 12
8 11 13
9 10 12
284
14
1 2 3
0 2 4
0 1 5
0 6 7
1 6 8
2 7 9
3 4 10
3 5 11
4 10 12
5 12 13
6 8 11
7 10 13
8 9 13
9 11 12
285
14
1 2 3
0 2 4
0 1 5
0 6 7
1 6 8
2 7 9
3 4 10
3 5 11
4 10 12
5 12 13
6 8 13
7 12 13
8 9 11
9 10 11
286
14
1 2 3
0 2 4
0 1 5
0 6 7
1 6 8
2 7 9
3 4 10
3 5 11
4 11 12
5 10 12
6 9 13
7 8 13
8 9 13
10 11 12
287
14
1 2 3
0 2 4
0 1 5
0 6 7
1 6 8
2 7 9
3 4 10
3 5 11
4 11 12
5 10 13
6 9 12
7 8 13
8 10 13
9 11 12
288
14
1 2 3
0 2 4
0 1 5
0 6 7
1 6 8
2 7 9
3 4 10
3 5 11
4 11 12
5 10 13
6 9 13
7 8 12
8 11 13
9 10 12
289
14
1 2 3
0 2 4
0 1 5
0 6 7
1 6 8
2 7 9
3 4 10
3 5 11
4 11 12
5 12 13
6 11 13
7 8 10
8 9 13
9 10 12
290
14
1 2 3
0 2 4
0 1 5
0 6 7
1 6 8
2 7 9
3 4 10
3 5 11
4 11 12
5 12 13
6 12 13
7 8 13
8 9 10
9 10 11
291
14
1 2 3
0 2 4
0 1 5
0 6 7
1 6 8
2 7 9
3 4 10
3 5 11
4 12 13
5 12 13
6 11 12
7 10 13
8 9 10
8 9 11
292
14
1 2 3
0 2 4
0 1 5
0 6 7
1 6 8
2 9 10
3 4 7
3 6 9
4 11 12
5 7 13
5 11 12
8 10 13
8 10 13
9 11 12
293
14
1 2 3
0 2 4
0 1 5
0 6 7
1 6 8
2 9 10
3 4 7
3 6 11
4 9 12
5 8 10
5 9 13
7 12 13
8 11 13
10 11 12
294
14
1 2 3
0 2 4
0 1 5
0 6 7
1 6 8
2 9 10
3 4 7
3 6 11
4 9 12
5 8 12
5 11 13
7 10 13
8 9 13
10 11 12
295
14
1 2 3
0 2 4
0 1 5
0 6 7
1 6 8
2 9 10
3 4 7
3 6 11
4 9 12
5 8 13
5 11 12
7 10 13
8 10 13
9 11 12
296
14
1 2 3
0 2 4
0 1 5
0 6 7
1 6 8
2 9 10
3 4 7
3 6 11
4 9 12
5 8 13
5 11 13
7 10 12
8 11 13
9 10 12
297
14
1 2 3
0 2 4
0 1 5
0 6 7
1 6 8
2 9 10
3 4 7
3 6 11
4 9 12
5 8 13
5 12 13
7 12 13
8 10 11
9 10 11
298
14
1 2 3
0 2 4
0 1 5
0 6 7
1 6 8
2 9 10
3 4 9
3 8 11
4 7 12
5 6 13
5 11 12
7 10 13
8 10 13
9 11 12
299
14
1 2 3
0 2 4
0 1 5
0 6 7
1 6 8
2 9 10
3 4 9
3 8 11
4 7 12
5 6 13
5 11 13
7 10 12
8 11 13
9 10 12
300
14
1 2 3
0 2 4
0 1 5
0 6 7
1 6 8
2 9 10
3 4 9
3 9 11
4 12 13
5 6 7
5 12 13
7 12 13
8 10 11
8 10 11
301
14
1 2 3
0 2 4
0 1 5
0 6 7
1 6 8
2 9 10
3 4 9
3 10 11
4 10 12
5 6 13
5 7 8
7 12 13
8 11 13
9 11 12
302
14
1 2 3
0 2 4
0 1 5
0 6 7
1 6 8
2 9 10
3 4 9
3 10 11
4 11 12
5 6 12
5 7 13
7 8 13
8 9 13
10 11 12
303
14
1 2 3
0 2 4
0 1 5
0 6 7
1 6 8
2 9 10
3 4 9
3 10 11
4 11 12
5 6 13
5 7 12
7 8 13
8 10 13
9 11 12
304
14
1 2 3
0 2 4
0 1 5
0 6 7
1 6 8
2 9 10
3 4 9
3 10 11
4 11 12
5 6 13
5 7 13
7 8 12
8 11 13
9 10 12
305
14
1 2 3
0 2 4
0 1 5
0 6 7
1 6 8
2 9 10
3 4 9
3 10 11
4 12 13
5 6 11
5 7 12
7 9 13
8 10 13
8 11 12
306
14
1 2 3
0 2 4
0 1 5
0 6 7
1 6 8
2 9 10
3 4 9
3 10 11
4 12 13
5 6 12
5 7 11
7 10 13
8 9 13
8 11 12
307
14
1 2 3
0 2 4
0 1 5
0 6 7
1 6 8
2 9 10
3 4 9
3 10 11
4 12 13
5 6 12
5 7 13
7 12 13
8 9 11
8 10 11
308
14
1 2 3
0 2 4
0 1 5
0 6 7
1 6 8
2 9 10
3 4 9
3 11 12
4 11 12
5 6 10
5 9 13
7 8 13
7 8 13
10 11 12
309
14
1 2 3
0 2 4
0 1 5
0 6 7
1 6 8
2 9 10
3 4 9
3 11 12
4 11 12
5 6 13
5 11 13
7 8 10
7 8 13
9 10 12
310
14
1 2 3
0 2 4
0 1 5
0 6 7
1 6 8
2 9 10
3 4 9
3 11 12
4 11 13
5 6 11
5 12 13
7 8 9
7 10 13
8 10 12
311
14
1 2 3
0 2 4
0 1 5
0 6 7
1 6 8
2 9 10
3 4 9
3 11 12
4 11 13
5 6 12
5 11 13
7 8 10
7 9 13
8 10 12
312
14
1 2 3
0 2 4
0 1 5
0 6 7
1 6 8
2 9 10
3 4 9
3 11 12
4 11 13
5 6 12
5 12 13
7 8 13
7 9 10
8 10 11
313
14
1 2 3
0 2 4
0 1 5
0 6 7
1 6 8
2 9 10
3 4 11
3 8 9
4 7 10
5 7 12
5 8 13
6 12 13
9 11 13
10 11 12
314
14
1 2 3
0 2 4
0 1 5
0 6 7
1 6 8
2 9 10
3 4 11
3 8 9
4 7 12
5 7 10
5 9 13
6 12 13
8 11 13
10 11 12
315
14
1 2 3
0 2 4
0 1 5
0 6 7
1 6 8
2 9 10
3 4 11
3 8 9
4 7 12
5 7 12
5 11 13
6 10 13
8 9 13
10 11 12
316
14
1 2 3
0 2 4
0 1 5
0 6 7
1 6 8
2 9 10
3 4 11
3 8 9
4 7 12
5 7 13
5 11 12
6 10 13
8 10 13
9 11 12
317
14
1 2 3
0 2 4
0 1 5
0 6 7
1 6 8
2 9 10
3 4 11
3 8 9
4 7 12
5 7 13
5 11 13
6 10 12
8 11 13
9 10 12
318
14
1 2 3
0 2 4
0 1 5
0 6 7
1 6 8
2 9 10
3 4 11
3 8 9
4 7 12
5 7 13
5 12 13
6 12 13
8 10 11
9 10 11
319
14
1 2 3
0 2 4
0 1 5
0 6 7
1 6 8
2 9 10
3 4 11
3 8 11
4 7 12
5 12 13
5 12 13
6 7 13
8 9 10
9 10 11
320
14
1 2 3
0 2 4
0 1 5
0 6 7
1 6 8
2 9 10
3 4 11
3 8 12
4 7 12
5 11 13
5 11 13
6 9 10
7 8 13
9 10 12
321
14
1 2 3
0 2 4
0 1 5
0 6 7
1 6 8
2 9 10
3 4 11
3 8 12
4 7 13
5 10 11
5 9 12
6 9 13
7 10 13
8 11 12
322
14
1 2 3
0 2 4
0 1 5
0 6 7
1 6 8
2 9 10
3 4 11
3 8 12
4 7 13
5 10 12
5 9 13
6 12 13
7 9 11
8 10 11
323
14
1 2 3
0 2 4
0 1 5
0 6 7
1 6 8
2 9 10
3 4 11
3 8 12
4 7 13
5 11 12
5 11 13
6 9 10
7 9 13
8 10 12
324
14
1 2 3
0 2 4
0 1 5
0 6 7
1 6 8
2 9 10
3 4 11
3 8 12
4 7 13
5 11 12
5 12 13
6 9 13
7 9 10
8 10 11
325
14
1 2 3
0 2 4
0 1 5
0 6 7
1 6 8
2 9 10
3 4 11
3 9 10
4 9 12
5 7 8
5 7 13
6 12 13
8 11 13
10 11 12
326
14
1 2 3
0 2 4
0 1 5
0 6 7
1 6 8
2 9 10
3 4 11
3 9 10
4 11 12
5 7 12
5 7 13
6 8 13
8 9 13
10 11 12
327
14
1 2 3
0 2 4
0 1 5
0 6 7
1 6 8
2 9 10
3 4 11
3 9 10
4 12 13
5 7 11
5 7 12
6 9 13
8 10 13
8 11 12
328
14
1 2 3
0 2 4
0 1 5
0 6 7
1 6 8
2 9 10
3 4 11
3 9 10
4 12 13
5 7 12
5 7 13
6 12 13
8 9 11
8 10 11
329
14
1 2 3
0 2 4
0 1 5
0 6 7
1 6 8
2 9 10
3 4 11
3 9 11
4 10 12
5 7 12
5 8 13
6 7 13
8 9 13
10 11 12
330
14
1 2 3
0 2 4
0 1 5
0 6 7
1 6 8
2 9 10
3 4 11
3 9 11
4 10 12
5 7 13
5 8 12
6 7 13
8 10 13
9 11 12
331
14
1 2 3
0 2 4
0 1 5
0 6 7
1 6 8
2 9 10
3 4 11
3 9 11
4 10 12
5 7 13
5 8 13
6 7 12
8 11 13
9 10 12
332
14
1 2 3
0 2 4
0 1 5
0 6 7
1 6 8
2 9 10
3 4 11
3 9 11
4 12 13
5 7 10
5 9 12
6 7 13
8 10 13
8 11 12
333
14
1 2 3
0 2 4
0 1 5
0 6 7
1 6 8
2 9 10
3 4 11
3 9 11
4 12 13
5 7 12
5 12 13
6 7 13
8 9 10
8 10 11
334
14
1 2 3
0 2 4
0 1 5
0 6 7
1 6 8
2 9 10
3 4 11
3 9 12
4 9 12
5 7 8
5 11 13
6 10 13
7 8 13
10 11 12
335
14
1 2 3
0 2 4
0 1 5
0 6 7
1 6 8
2 9 10
3 4 11
3 9 12
4 9 13
5 7 8
5 11 12
6 10 13
7 10 13
8 11 12
336
14
1 2 3
0 2 4
0 1 5
0 6 7
1 6 8
2 9 10
3 4 11
3 9 12
4 9 13
5 7 8
5 12 13
6 12 13
7 10 11
8 10 11
337
14
1 2 3
0 2 4
0 1 5
0 6 7
1 6 8
2 9 10
3 4 11
3 9 12
4 10 12
5 7 11
5 8 13
6 9 13
7 8 13
10 11 12
338
14
1 2 3
0 2 4
0 1 5
0 6 7
1 6 8
2 9 10
3 4 11
3 9 12
4 10 12
5 7 13
5 8 13
6 12 13
7 8 11
9 10 11
339
14
1 2 3
0 2 4
0 1 5
0 6 7
1 6 8
2 9 10
3 4 11
3 9 12
4 10 13
5 7 11
5 8 12
6 9 13
7 10 13
8 11 12
340
14
1 2 3
0 2 4
0 1 5
0 6 7
1 6 8
2 9 10
3 4 11
3 9 12
4 10 13
5 7 11
5 8 13
6 9 12
7 11 13
8 10 12
341
14
1 2 3
0 2 4
0 1 5
0 6 7
1 6 8
2 9 10
3 4 11
3 9 12
4 10 13
5 7 12
5 8 13
6 12 13
7 9 11
8 10 11
342
14
1 2 3
0 2 4
0 1 5
0 6 7
1 6 8
2 9 10
3 4 11
3 9 12
4 10 13
5 7 13
5 8 12
6 12 13
7 10 11
8 9 11
343
14
1 2 3
0 2 4
0 1 5
0 6 7
1 6 8
2 9 10
3 4 11
3 9 12
4 11 12
5 7 10
5 9 13
6 8 13
7 8 13
10 11 12
344
14
1 2 3
0 2 4
0 1 5
0 6 7
1 6 8
2 9 10
3 4 11
3 9 12
4 11 12
5 7 13
5 11 13
6 8 10
7 8 13
9 10 12
345
14
1 2 3
0 2 4
0 1 5
0 6 7
1 6 8
2 9 10
3 4 11
3 9 12
4 11 12
5 7 13
5 12 13
6 8 13
7 8 10
9 10 11
346
14
1 2 3
0 2 4
0 1 5
0 6 7
1 6 8
2 9 10
3 4 11
3 9 12
4 11 13
5 7 10
5 9 13
6 8 12
7 11 13
8 10 12
347
14
1 2 3
0 2 4
0 1 5
0 6 7
1 6 8
2 9 10
3 4 11
3 9 12
4 11 13
5 7 12
5 11 13
6 8 10
7 9 13
8 10 12
348
14
1 2 3
0 2 4
0 1 5
0 6 7
1 6 8
2 9 10
3 4 11
3 9 12
4 11 13
5 7 13
5 11 12
6 8 10
7 10 13
8 9 12
349
14
1 2 3
0 2 4
0 1 5
0 6 7
1 6 8
2 9 10
3 4 11
3 9 12
4 11 13
5 7 13
5 12 13
6 8 12
7 10 11
8 9 10
350
14
1 2 3
0 2 4
0 1 5
0 6 7
1 6 8
2 9 10
3 4 11
3 9 12
4 12 13
5 7 10
5 9 13
6 12 13
7 8 11
8 10 11
351
14
1 2 3
0 2 4
0 1 5
0 6 7
1 6 8
2 9 10
3 4 11
3 9 12
4 12 13
5 7 11
5 11 13
6 9 10
7 8 13
8 10 12
352
14
1 2 3
0 2 4
0 1 5
0 6 7
1 6 8
2 9 10
3 4 11
3 9 12
4 12 13
5 7 11
5 12 13
6 9 13
7 8 10
8 10 11
353
14
1 2 3
0 2 4
0 1 5
0 6 7
1 6 8
2 9 10
3 4 11
3 9 12
4 12 13
5 7 12
5 11 13
6 10 13
7 8 9
8 10 11
354
14
1 2 3
0 2 4
0 1 5
0 6 7
1 6 8
2 9 10
3 4 11
3 9 12
4 12 13
5 7 13
5 11 12
6 10 13
7 8 10
8 9 11
355
14
1 2 3
0 2 4
0 1 5
0 6 7
1 6 8
2 9 10
3 4 11
3 9 12
4 12 13
5 7 13
5 11 13
6 10 12
7 8 11
8 9 10
356
14
1 2 3
0 2 4
0 1 5
0 6 7
1 6 8
2 9 10
3 4 11
3 11 12
4 11 13
5 12 13
5 12 13
6 7 8
7 9 10
8 9 10
357
14
1 2 3
0 2 4
0 1 5
0 6 7
1 6 8
2 9 10
3 4 11
3 11 12
4 12 13
5 10 11
5 9 13
6 7 9
7 8 13
8 10 12
358
14
1 2 3
0 2 4
0 1 5
0 6 7
1 6 8
2 9 10
3 4 11
3 11 12
4 12 13
5 11 13
5 12 13
6 7 9
7 8 10
8 9 10
359
14
1 2 3
0 2 4
0 1 5
0 6 7
1 6 8
2 9 10
3 4 11
3 12 13
4 12 13
5 10 11
5 9 12
6 9 13
7 8 10
7 8 11
360
14
1 2 3
0 2 4
0 1 5
0 6 7
1 6 8
2 9 10
3 4 11
3 12 13
4 12 13
5 11 12
5 11 13
6 9 10
7 8 9
7 8 10
361
14
1 2 3
0 2 4
0 1 5
0 6 7
1 8 9
2 10 11
3 7 8
3 6 10
4 6 12
4 11 12
5 7 13
5 9 13
8 9 13
10 11 12
362
14
1 2 3
0 2 4
0 1 5
0 6 7
1 8 9
2 10 11
3 7 8
3 6 10
4 6 12
4 11 13
5 7 13
5 9 12
8 11 13
9 10 12
363
14
1 2 3
0 2 4
0 1 5
0 6 7
1 8 9
2 10 11
3 7 8
3 6 10
4 6 12
4 12 13
5 7 13
5 12 13
8 9 11
9 10 11
364
14
1 2 3
0 2 4
0 1 5
0 6 7
1 8 9
2 10 11
3 7 8
3 6 12
4 6 9
4 8 13
5 12 13
5 12 13
7 10 11
9 10 11
365
14
1 2 3
0 2 4
0 1 5
0 6 7
1 8 9
2 10 11
3 7 8
3 6 12
4 6 10
4 11 12
5 8 13
5 9 13
7 9 13
10 11 12
366
14
1 2 3
0 2 4
0 1 5
0 6 7
1 8 9
2 10 11
3 7 8
3 6 12
4 6 10
4 11 13
5 8 13
5 9 12
7 11 13
9 10 12
367
14
1 2 3
0 2 4
0 1 5
0 6 7
1 8 9
2 10 11
3 7 8
3 6 12
4 6 10
4 12 13
5 8 11
5 10 13
7 9 13
9 11 12
368
14
1 2 3
0 2 4
0 1 5
0 6 7
1 8 9
2 10 11
3 7 8
3 6 12
4 6 10
4 12 13
5 8 13
5 12 13
7 9 11
9 10 11
369
14
1 2 3
0 2 4
0 1 5
0 6 7
1 8 9
2 10 11
3 7 8
3 6 12
4 6 13
4 10 13
5 9 12
5 12 13
7 10 11
8 9 11
370
14
1 2 3
0 2 4
0 1 5
0 6 7
1 8 9
2 10 11
3 7 12
3 6 13
4 9 12
4 8 13
5 11 12
5 10 13
6 8 10
7 9 11
371
14
1 2 3
0 2 4
0 1 5
0 6 7
1 8 9
2 10 11
3 7 12
3 6 13
4 10 12
4 11 12
5 8 13
5 9 13
6 8 9
7 10 11
372
14
1 2 3
0 2 4
0 1 5
0 6 7
1 8 9
2 10 11
3 7 12
3 6 13
4 10 12
4 11 13
5 8 13
5 9 12
6 8 11
7 9 10
373
14
1 2 3
0 2 4
0 1 5
0 6 7
1 8 9
2 10 11
3 8 9
3 8 12
4 6 7
4 6 13
5 12 13
5 12 13
7 10 11
9 10 11
374
14
1 2 3
0 2 4
0 1 5
0 6 7
1 8 9
2 10 11
3 8 9
3 10 11
4 6 12
4 6 12
5 7 13
5 7 13
8 9 13
10 11 12
375
14
1 2 3
0 2 4
0 1 5
0 6 7
1 8 9
2 10 11
3 8 9
3 10 11
4 6 12
4 6 13
5 7 12
5 7 13
8 10 13
9 11 12
376
14
1 2 3
0 2 4
0 1 5
0 6 7
1 8 9
2 10 11
3 8 9
3 10 12
4 6 11
4 6 12
5 7 13
5 8 13
7 9 13
10 11 12
377
14
1 2 3
0 2 4
0 1 5
0 6 7
1 8 9
2 10 11
3 8 9
3 10 12
4 6 11
4 6 13
5 7 13
5 8 12
7 11 13
9 10 12
378
14
1 2 3
0 2 4
0 1 5
0 6 7
1 8 9
2 10 11
3 8 9
3 10 12
4 6 12
4 6 13
5 7 13
5 12 13
7 8 11
9 10 11
379
14
1 2 3
0 2 4
0 1 5
0 6 7
1 8 9
2 10 11
3 8 9
3 12 13
4 6 10
4 6 12
5 8 13
5 12 13
7 9 11
7 10 11
380
14
1 2 3
0 2 4
0 1 5
0 6 7
1 8 9
2 10 11
3 8 10
3 9 11
4 6 12
4 7 12
5 6 13
5 7 13
8 9 13
10 11 12
381
14
1 2 3
0 2 4
0 1 5
0 6 7
1 8 9
2 10 11
3 8 10
3 9 11
4 6 12
4 7 13
5 6 12
5 7 13
8 10 13
9 11 12
382
14
1 2 3
0 2 4
0 1 5
0 6 7
1 8 9
2 10 11
3 8 10
3 9 11
4 6 12
4 7 13
5 6 13
5 7 12
8 11 13
9 10 12
383
14
1 2 3
0 2 4
0 1 5
0 6 7
1 8 9
2 10 11
3 8 10
3 9 12
4 6 11
4 7 12
5 6 13
5 8 13
7 9 13
10 11 12
384
14
1 2 3
0 2 4
0 1 5
0 6 7
1 8 9
2 10 11
3 8 10
3 9 12
4 6 11
4 7 13
5 6 12
5 8 13
7 10 13
9 11 12
385
14
1 2 3
0 2 4
0 1 5
0 6 7
1 8 9
2 10 11
3 8 10
3 9 12
4 6 11
4 7 13
5 6 13
5 8 12
7 11 13
9 10 12
386
14
1 2 3
0 2 4
0 1 5
0 6 7
1 8 9
2 10 11
3 8 10
3 9 12
4 6 12
4 7 11
5 6 13
5 9 13
7 8 13
10 11 12
387
14
1 2 3
0 2 4
0 1 5
0 6 7
1 8 9
2 10 11
3 8 10
3 9 12
4 6 12
4 7 13
5 6 13
5 12 13
7 8 11
9 10 11
388
14
1 2 3
0 2 4
0 1 5
0 6 7
1 8 9
2 10 11
3 8 10
3 9 12
4 6 13
4 7 10
5 6 9
5 12 13
7 11 13
8 11 12
389
14
1 2 3
0 2 4
0 1 5
0 6 7
1 8 9
2 10 11
3 8 10
3 9 12
4 6 13
4 7 11
5 6 12
5 9 13
7 10 13
8 11 12
390
14
1 2 3
0 2 4
0 1 5
0 6 7
1 8 9
2 10 11
3 8 10
3 9 12
4 6 13
4 7 11
5 6 13
5 9 12
7 11 13
8 10 12
391
14
1 2 3
0 2 4
0 1 5
0 6 7
1 8 9
2 10 11
3 8 10
3 9 12
4 6 13
4 7 12
5 6 13
5 12 13
7 9 11
8 10 11
392
14
1 2 3
0 2 4
0 1 5
0 6 7
1 8 9
2 10 11
3 8 10
3 9 12
4 6 13
4 7 13
5 6 12
5 12 13
7 10 11
8 9 11
393
14
1 2 3
0 2 4
0 1 5
0 6 7
1 8 9
2 10 11
3 8 10
3 12 13
4 6 10
4 12 13
5 6 8
5 12 13
7 9 11
7 9 11
394
14
1 2 3
0 2 4
0 1 5
0 6 7
1 8 9
2 10 11
3 8 10
3 12 13
4 6 11
4 12 13
5 6 12
5 8 13
7 9 10
7 9 11
395
14
1 2 3
0 2 4
0 1 5
0 6 7
1 8 9
2 10 11
3 8 10
3 12 13
4 6 12
4 11 12
5 6 13
5 9 13
7 8 9
7 10 11
396
14
1 2 3
0 2 4
0 1 5
0 6 7
1 8 9
2 10 11
3 8 10
3 12 13
4 6 12
4 11 13
5 6 12
5 9 13
7 8 10
7 9 11
397
14
1 2 3
0 2 4
0 1 5
0 6 7
1 8 9
2 10 11
3 8 10
3 12 13
4 6 12
4 11 13
5 6 13
5 9 12
7 8 11
7 9 10
398
14
1 2 3
0 2 4
0 1 5
0 6 7
1 8 9
2 10 11
3 8 12
3 10 12
4 6 13
4 11 12
5 7 13
5 9 13
6 7 9
8 10 11
399
14
1 2 3
0 2 4
0 1 5
0 6 7
1 8 9
2 10 11
3 8 12
3 10 13
4 6 13
4 11 12
5 7 12
5 9 13
6 9 10
7 8 11
400
14
1 2 3
0 4 5
0 4 5
0 4 6
1 2 3
1 2 6
3 5 7
6 8 9
7 10 11
7 12 13
8 12 13
8 12 13
9 10 11
9 10 11
401
14
1 2 3
0 4 5
0 4 5
0 4 6
1 2 3
1 2 7
3 7 8
5 6 9
6 10 11
7 12 13
8 12 13
8 12 13
9 10 11
9 10 11
402
14
1 2 3
0 4 5
0 4 5
0 4 6
1 2 3
1 2 7
3 8 9
5 8 10
6 7 11
6 12 13
7 12 13
8 12 13
9 10 11
9 10 11
403
14
1 2 3
0 4 5
0 4 5
0 4 6
1 2 3
1 2 7
3 8 9
5 10 11
6 10 12
6 11 12
7 8 13
7 9 13
8 9 13
10 11 12
404
14
1 2 3
0 4 5
0 4 5
0 4 6
1 2 3
1 2 7
3 8 9
5 10 11
6 10 12
6 11 13
7 8 13
7 9 12
8 11 13
9 10 12
405
14
1 2 3
0 4 5
0 4 5
0 4 6
1 2 3
1 2 7
3 8 9
5 10 11
6 10 12
6 12 13
7 8 13
7 12 13
8 9 11
9 10 11
406
14
1 2 3
0 4 5
0 4 5
0 6 7
1 2 6
1 2 8
3 4 9
3 8 10
5 7 11
6 12 13
7 12 13
8 12 13
9 10 11
9 10 11
407
14
1 2 3
0 4 5
0 4 5
0 6 7
1 2 6
1 2 8
3 4 9
3 9 10
5 11 12
6 7 13
7 11 12
8 10 13
8 10 13
9 11 12
408
14
1 2 3
0 4 5
0 4 5
0 6 7
1 2 6
1 2 8
3 4 9
3 10 11
5 10 12
6 11 12
7 8 13
7 9 13
8 9 13
10 11 12
409
14
1 2 3
0 4 5
0 4 5
0 6 7
1 2 6
1 2 8
3 4 9
3 10 11
5 10 12
6 11 13
7 8 13
7 9 12
8 11 13
9 10 12
410
14
1 2 3
0 4 5
0 4 5
0 6 7
1 2 6
1 2 8
3 4 9
3 10 11
5 10 12
6 12 13
7 8 13
7 12 13
8 9 11
9 10 11
411
14
1 2 3
0 4 5
0 4 5
0 6 7
1 2 8
1 2 9
3 8 9
3 10 11
4 6 12
5 6 13
7 12 13
7 12 13
8 10 11
9 10 11
412
14
1 2 3
0 4 5
0 4 5
0 6 7
1 2 8
1 2 9
3 8 10
3 8 11
4 6 7
5 12 13
6 12 13
7 12 13
9 10 11
9 10 11
413
14
1 2 3
0 4 5
0 4 5
0 6 7
1 2 8
1 2 9
3 8 10
3 9 11
4 6 12
5 7 13
6 11 12
7 10 13
8 10 13
9 11 12
414
14
1 2 3
0 4 5
0 4 5
0 6 7
1 2 8
1 2 9
3 8 10
3 9 11
4 6 12
5 7 13
6 11 13
7 10 12
8 11 13
9 10 12
415
14
1 2 3
0 4 5
0 4 5
0 6 7
1 2 8
1 2 9
3 8 10
3 9 11
4 6 12
5 7 13
6 12 13
7 12 13
8 10 11
9 10 11
416
14
1 2 3
0 4 5
0 4 5
0 6 7
1 2 8
1 2 9
3 8 10
3 10 11
4 6 12
5 11 13
6 7 13
7 9 12
8 11 13
9 10 12
417
14
1 2 3
0 4 5
0 4 5
0 6 7
1 2 8
1 2 9
3 8 10
3 11 12
4 6 11
5 10 12
6 9 13
7 8 13
7 9 13
10 11 12
418
14
1 2 3
0 4 5
0 4 5
0 6 7
1 2 8
1 2 9
3 8 10
3 11 12
4 6 11
5 12 13
6 12 13
7 8 13
7 9 10
9 10 11
419
14
1 2 3
0 4 5
0 4 5
0 6 7
1 2 8
1 2 9
3 8 10
3 11 12
4 6 13
5 10 11
6 9 12
7 9 13
7 10 13
8 11 12
420
14
1 2 3
0 4 5
0 4 5
0 6 7
1 2 8
1 2 9
3 10 11
3 10 12
4 10 13
5 11 12
6 7 8
6 9 13
7 9 13
8 11 12
421
14
1 2 3
0 4 5
0 4 5
0 6 7
1 2 8
1 2 9
3 10 11
3 12 13
4 10 12
5 11 13
6 8 13
6 9 12
7 8 11
7 9 10
422
14
1 2 3
0 4 5
0 4 6
0 5 6
1 2 7
1 3 8
2 3 9
4 10 11
5 10 12
6 11 12
7 8 13
7 9 13
8 9 13
10 11 12
423
14
1 2 3
0 4 5
0 4 6
0 5 6
1 2 7
1 3 8
2 3 9
4 10 11
5 10 12
6 11 13
7 8 13
7 9 12
8 11 13
9 10 12
424
14
1 2 3
0 4 5
0 4 6
0 5 7
1 2 7
1 3 8
2 9 10
3 4 11
5 9 12
6 8 13
6 11 12
7 10 13
8 10 13
9 11 12
425
14
1 2 3
0 4 5
0 4 6
0 5 7
1 2 7
1 3 8
2 9 10
3 4 11
5 12 13
6 11 12
6 12 13
7 9 13
8 9 10
8 10 11
426
14
1 2 3
0 4 5
0 4 6
0 5 7
1 2 8
1 3 9
2 7 10
3 6 11
4 9 12
5 8 13
6 11 12
7 10 13
8 10 13
9 11 12
427
14
1 2 3
0 4 5
0 4 6
0 5 7
1 2 8
1 3 9
2 7 10
3 6 11
4 9 12
5 8 13
6 11 13
7 10 12
8 11 13
9 10 12
428
14
1 2 3
0 4 5
0 4 6
0 5 7
1 2 8
1 3 9
2 7 10
3 6 11
4 9 12
5 8 13
6 12 13
7 12 13
8 10 11
9 10 11
429
14
1 2 3
0 4 5
0 4 6
0 5 7
1 2 8
1 3 9
2 7 10
3 6 11
4 10 12
5 11 12
6 8 13
7 9 13
8 9 13
10 11 12
430
14
1 2 3
0 4 5
0 4 6
0 5 7
1 2 8
1 3 9
2 7 10
3 6 11
4 10 12
5 11 13
6 8 13
7 9 12
8 11 13
9 10 12
431
14
1 2 3
0 4 5
0 4 6
0 5 7
1 2 8
1 3 9
2 7 10
3 6 11
4 10 12
5 12 13
6 8 13
7 12 13
8 9 11
9 10 11
432
14
1 2 3
0 4 5
0 4 6
0 5 7
1 2 8
1 3 9
2 7 10
3 6 11
4 11 12
5 10 12
6 9 13
7 8 13
8 9 13
10 11 12
433
14
1 2 3
0 4 5
0 4 6
0 5 7
1 2 8
1 3 9
2 7 10
3 6 11
4 11 12
5 10 13
6 9 12
7 8 13
8 10 13
9 11 12
434
14
1 2 3
0 4 5
0 4 6
0 5 7
1 2 8
1 3 9
2 7 10
3 6 11
4 11 12
5 12 13
6 12 13
7 8 13
8 9 10
9 10 11
435
14
1 2 3
0 4 5
0 4 6
0 5 7
1 2 8
1 3 9
2 7 10
3 6 11
4 12 13
5 12 13
6 11 12
7 10 13
8 9 10
8 9 11
436
14
1 2 3
0 4 5
0 4 6
0 5 7
1 2 8
1 3 9
2 8 10
3 9 11
4 6 12
5 7 13
6 11 12
7 10 13
8 10 13
9 11 12
437
14
1 2 3
0 4 5
0 4 6
0 5 7
1 2 8
1 3 9
2 8 10
3 9 11
4 6 12
5 7 13
6 11 13
7 10 12
8 11 13
9 10 12
438
14
1 2 3
0 4 5
0 4 6
0 5 7
1 2 8
1 3 9
2 8 10
3 9 11
4 6 12
5 7 13
6 12 13
7 12 13
8 10 11
9 10 11
439
14
1 2 3
0 4 5
0 4 6
0 5 7
1 2 8
1 3 9
2 8 10
3 10 11
4 6 12
5 11 13
6 7 13
7 9 12
8 11 13
9 10 12
440
14
1 2 3
0 4 5
0 4 6
0 5 7
1 2 8
1 3 9
2 8 10
3 10 11
4 6 12
5 12 13
6 7 13
7 12 13
8 9 11
9 10 11
441
14
1 2 3
0 4 5
0 4 6
0 5 7
1 2 8
1 3 9
2 8 10
3 11 12
4 6 11
5 10 13
6 9 12
7 8 13
7 10 13
9 11 12
442
14
1 2 3
0 4 5
0 4 6
0 5 7
1 2 8
1 3 9
2 8 10
3 11 12
4 6 11
5 12 13
6 12 13
7 8 13
7 9 10
9 10 11
443
14
1 2 3
0 4 5
0 4 6
0 5 7
1 2 8
1 3 9
2 9 10
3 8 11
4 7 12
5 6 13
6 11 12
7 10 13
8 10 13
9 11 12
444
14
1 2 3
0 4 5
0 4 6
0 5 7
1 2 8
1 3 9
2 9 10
3 10 11
4 11 12
5 6 13
6 7 12
7 8 13
8 10 13
9 11 12
445
14
1 2 3
0 4 5
0 4 6
0 5 7
1 2 8
1 3 9
2 9 10
3 10 11
4 12 13
5 6 12
6 7 13
7 12 13
8 9 11
8 10 11
446
14
1 2 3
0 4 5
0 4 6
0 5 7
1 2 8
1 3 9
2 9 10
3 11 12
4 10 11
5 6 13
6 8 12
7 8 13
7 10 13
9 11 12
447
14
1 2 3
0 4 5
0 4 6
0 5 7
1 2 8
1 3 9
2 9 10
3 11 12
4 10 13
5 6 11
6 8 12
7 9 13
7 10 13
8 11 12
448
14
1 2 3
0 4 5
0 4 6
0 5 7
1 2 8
1 3 9
2 9 10
3 11 12
4 11 12
5 6 13
6 11 13
7 8 10
7 8 13
9 10 12
449
14
1 2 3
0 4 5
0 4 6
0 5 7
1 2 8
1 3 9
2 10 11
3 10 11
4 12 13
5 12 13
6 7 12
6 7 13
8 9 10
8 9 11
450
14
1 2 3
0 4 5
0 4 6
0 5 7
1 2 8
1 3 9
2 10 11
3 10 12
4 10 13
5 11 12
6 7 8
6 9 13
7 9 13
8 11 12
451
14
1 2 3
0 4 5
0 4 6
0 5 7
1 2 8
1 3 9
2 10 11
3 10 12
4 10 13
5 11 13
6 7 8
6 9 12
7 11 13
8 9 12
452
14
1 2 3
0 4 5
0 4 6
0 5 7
1 2 8
1 3 9
2 10 11
3 10 12
4 10 13
5 12 13
6 7 8
6 12 13
7 9 11
8 9 11
453
14
1 2 3
0 4 5
0 4 6
0 5 7
1 2 8
1 3 9
2 10 11
3 10 12
4 11 13
5 12 13
6 7 13
6 8 12
7 9 11
8 9 10
454
14
1 2 3
0 4 5
0 4 6
0 5 7
1 2 8
1 3 9
2 10 11
3 10 12
4 12 13
5 11 13
6 7 13
6 9 12
7 8 11
8 9 10
455
14
1 2 3
0 4 5
0 4 6
0 5 7
1 2 8
1 3 9
2 10 11
3 12 13
4 10 11
5 12 13
6 8 12
6 8 13
7 9 10
7 9 11
456
14
1 2 3
0 4 5
0 4 6
0 5 7
1 2 8
1 3 9
2 10 11
3 12 13
4 10 12
5 11 13
6 8 13
6 9 12
7 8 11
7 9 10
457
14
1 2 3
0 4 5
0 4 6
0 5 7
1 2 8
1 3 9
2 10 11
3 12 13
4 12 13
5 10 11
6 9 12
6 9 13
7 8 10
7 8 11
458
14
1 2 3
0 4 5
0 4 6
0 7 8
1 2 7
1 6 9
2 5 10
3 4 11
3 9 12
5 8 13
6 12 13
7 12 13
8 10 11
9 10 11
459
14
1 2 3
0 4 5
0 4 6
0 7 8
1 2 7
1 6 9
2 5 10
3 4 11
3 11 12
5 12 13
6 12 13
7 8 13
8 9 10
9 10 11
460
14
1 2 3
0 4 5
0 4 6
0 7 8
1 2 7
1 8 9
2 9 10
3 4 11
3 5 12
5 6 13
6 11 12
7 10 13
8 10 13
9 11 12
461
14
1 2 3
0 4 5
0 4 6
0 7 8
1 2 7
1 8 9
2 10 11
3 4 12
3 5 10
5 11 13
6 8 13
6 9 12
7 11 13
9 10 12
462
14
1 2 3
0 4 5
0 4 6
0 7 8
1 2 7
1 8 9
2 10 11
3 4 12
3 5 13
5 10 11
6 9 12
6 9 13
7 10 13
8 11 12
463
14
1 2 3
0 4 5
0 4 6
0 7 8
1 2 7
1 8 9
2 10 11
3 4 12
3 5 13
5 10 12
6 9 13
6 12 13
7 9 11
8 10 11
464
14
1 2 3
0 4 5
0 4 6
0 7 8
1 2 7
1 8 9
2 10 11
3 4 12
3 5 13
5 10 13
6 9 12
6 12 13
7 10 11
8 9 11
465
14
1 2 3
0 4 5
0 4 6
0 7 8
1 2 7
1 9 10
2 9 10
3 4 11
3 12 13
5 6 12
5 6 13
7 12 13
8 9 11
8 10 11
466
14
1 2 3
0 4 5
0 4 6
0 7 8
1 2 7
1 9 10
2 9 11
3 4 12
3 9 13
5 6 8
5 11 12
6 10 13
7 10 13
8 11 12
467
14
1 2 3
0 4 5
0 4 6
0 7 8
1 2 7
1 9 10
2 9 11
3 4 12
3 9 13
5 6 8
5 12 13
6 12 13
7 10 11
8 10 11
468
14
1 2 3
0 4 5
0 4 6
0 7 8
1 2 7
1 9 10
2 9 11
3 4 12
3 10 11
5 6 13
5 8 12
6 8 13
7 10 13
9 11 12
469
14
1 2 3
0 4 5
0 4 6
0 7 8
1 2 7
1 9 10
2 9 11
3 4 12
3 10 13
5 6 13
5 8 11
6 10 12
7 11 13
8 9 12
470
14
1 2 3
0 4 5
0 4 6
0 7 8
1 2 7
1 9 10
2 11 12
3 4 13
3 9 10
5 8 11
5 8 12
6 9 13
6 10 13
7 11 12
471
14
1 2 3
0 4 5
0 4 6
0 7 8
1 2 7
1 9 10
2 11 12
3 4 13
3 9 11
5 8 12
5 11 13
6 8 10
6 9 13
7 10 12
472
14
1 2 3
0 4 5
0 4 6
0 7 8
1 2 7
1 9 10
2 11 12
3 4 13
3 9 11
5 8 12
5 12 13
6 8 13
6 9 10
7 10 11
473
14
1 2 3
0 4 5
0 4 6
0 7 8
1 2 9
1 7 10
2 8 10
3 5 11
3 6 12
4 11 12
5 6 13
7 9 13
8 9 13
10 11 12
474
14
1 2 3
0 4 5
0 4 6
0 7 8
1 2 9
1 7 10
2 8 10
3 5 11
3 6 12
4 11 13
5 6 13
7 9 12
8 11 13
9 10 12
475
14
1 2 3
0 4 5
0 4 6
0 7 8
1 2 9
1 7 10
2 8 11
3 5 11
3 6 12
4 10 12
5 9 13
6 7 13
8 9 13
10 11 12
476
14
1 2 3
0 4 5
0 4 6
0 7 8
1 2 9
1 7 10
2 8 11
3 5 11
3 6 12
4 10 13
5 9 12
6 7 13
8 10 13
9 11 12
477
14
1 2 3
0 4 5
0 4 6
0 7 8
1 2 9
1 7 10
2 8 11
3 5 11
3 6 12
4 12 13
5 12 13
6 7 13
8 9 10
9 10 11
478
14
1 2 3
0 4 5
0 4 6
0 7 8
1 2 9
1 7 10
2 8 11
3 5 12
3 6 12
4 10 11
5 9 13
6 9 13
7 8 13
10 11 12
479
14
1 2 3
0 4 5
0 4 6
0 7 8
1 2 9
1 7 10
2 8 11
3 5 12
3 6 12
4 10 13
5 9 11
6 10 13
7 8 13
9 11 12
480
14
1 2 3
0 4 5
0 4 6
0 7 8
1 2 9
1 7 10
2 8 11
3 5 12
3 6 13
4 10 11
5 9 13
6 9 12
7 11 13
8 10 12
481
14
1 2 3
0 4 5
0 4 6
0 7 8
1 2 9
1 7 10
2 8 11
3 5 12
3 6 13
4 10 13
5 9 11
6 10 12
7 11 13
8 9 12
482
14
1 2 3
0 4 5
0 4 6
0 7 8
1 2 9
1 7 10
2 8 11
3 5 12
3 6 13
4 12 13
5 11 12
6 10 13
7 9 10
8 9 11
483
14
1 2 3
0 4 5
0 4 6
0 7 8
1 2 9
1 7 10
2 8 11
3 5 12
3 6 13
4 12 13
5 11 13
6 10 12
7 9 11
8 9 10
484
14
1 2 3
0 4 5
0 4 6
0 7 8
1 2 9
1 7 10
2 10 11
3 5 11
3 9 12
4 8 13
5 6 12
6 7 13
8 10 13
9 11 12
485
14
1 2 3
0 4 5
0 4 6
0 7 8
1 2 9
1 7 10
2 10 11
3 5 11
3 12 13
4 12 13
5 6 12
6 7 13
8 9 10
8 9 11
486
14
1 2 3
0 4 5
0 4 6
0 7 8
1 2 9
1 7 10
2 10 11
3 5 12
3 9 11
4 8 13
5 6 12
6 8 13
7 10 13
9 11 12
487
14
1 2 3
0 4 5
0 4 6
0 7 8
1 2 9
1 7 10
2 10 11
3 5 12
3 9 11
4 8 13
5 6 13
6 8 12
7 11 13
9 10 12
488
14
1 2 3
0 4 5
0 4 6
0 7 8
1 2 9
1 7 10
2 10 11
3 5 12
3 9 13
4 8 11
5 6 13
6 9 12
7 11 13
8 10 12
489
14
1 2 3
0 4 5
0 4 6
0 7 8
1 2 9
1 7 10
2 10 11
3 5 12
3 10 13
4 11 13
5 6 8
6 9 12
7 11 13
8 9 12
490
14
1 2 3
0 4 5
0 4 6
0 7 8
1 2 9
1 7 10
2 10 11
3 5 12
3 11 12
4 12 13
5 6 13
6 8 13
7 8 9
9 10 11
491
14
1 2 3
0 4 5
0 4 6
0 7 8
1 2 9
1 7 10
2 10 11
3 5 12
3 11 13
4 11 12
5 6 13
6 8 9
7 9 13
8 10 12
492
14
1 2 3
0 4 5
0 4 6
0 7 8
1 2 9
1 7 10
2 10 11
3 5 12
3 11 13
4 12 13
5 6 13
6 8 12
7 9 11
8 9 10
493
14
1 2 3
0 4 5
0 4 6
0 7 8
1 2 9
1 7 10
2 11 12
3 5 11
3 10 12
4 11 13
5 8 13
6 7 9
6 8 13
9 10 12
494
14
1 2 3
0 4 5
0 4 6
0 7 8
1 2 9
1 7 10
2 11 12
3 5 11
3 10 12
4 12 13
5 8 13
6 7 13
6 8 9
9 10 11
495
14
1 2 3
0 4 5
0 4 6
0 7 8
1 2 9
1 7 10
2 11 12
3 5 11
3 10 13
4 11 13
5 8 12
6 7 9
6 10 13
8 9 12
496
14
1 2 3
0 4 5
0 4 6
0 7 8
1 2 9
1 7 10
2 11 12
3 5 11
3 10 13
4 12 13
5 8 12
6 7 13
6 9 10
8 9 11
497
14
1 2 3
0 4 5
0 4 6
0 7 8
1 2 9
1 7 10
2 11 12
3 5 11
3 12 13
4 11 13
5 12 13
6 7 9
6 8 10
8 9 10
498
14
1 2 3
0 4 5
0 4 6
0 7 8
1 2 9
1 10 11
2 10 12
3 9 10
3 11 12
4 7 13
5 6 7
5 8 13
6 8 13
9 11 12
499
14
1 2 3
0 4 5
0 4 6
0 7 8
1 2 9
1 10 11
2 10 12
3 9 11
3 10 12
4 7 13
5 6 8
5 7 13
6 8 13
9 11 12
500
14
1 2 3
0 4 5
0 4 6
0 7 8
1 2 9
1 10 11
2 10 12
3 9 11
3 10 13
4 7 13
5 6 8
5 7 12
6 11 13
8 9 12
501
14
1 2 3
0 4 5
0 6 7
0 8 9
1 6 8
1 7 10
2 4 11
2 5 12
3 4 13
3 10 11
5 9 13
6 9 12
7 11 13
8 10 12
502
14
1 2 3
0 4 5
0 6 7
0 8 9
1 6 8
1 7 10
2 4 11
2 5 12
3 4 13
3 10 12
5 9 13
6 12 13
7 9 11
8 10 11
503
14
1 2 3
0 4 5
0 6 7
0 8 9
1 6 8
1 7 10
2 4 11
2 5 12
3 4 13
3 11 12
5 11 13
6 9 10
7 9 13
8 10 12
504
14
1 2 3
0 4 5
0 6 7
0 8 9
1 6 8
1 10 11
2 4 12
2 9 10
3 4 13
3 7 11
5 7 12
5 9 13
6 10 13
8 11 12
505
14
1 2 3
0 4 5
0 6 7
0 8 9
1 6 8
1 10 11
2 4 12
2 9 10
3 4 13
3 7 11
5 7 13
5 9 12
6 11 13
8 10 12
506
14
1 2 3
0 4 5
0 6 7
0 8 9
1 6 8
1 10 11
2 4 12
2 10 13
3 4 13
3 10 12
5 7 9
5 12 13
6 9 11
7 8 11
507
14
1 2 3
0 4 5
0 6 7
0 8 9
1 6 10
1 8 11
2 4 12
2 9 11
3 5 12
3 7 10
4 9 13
5 7 13
6 8 13
10 11 12
508
14
1 2 3
0 4 5
0 6 7
0 8 9
1 6 10
1 8 11
2 4 12
2 9 11
3 5 12
3 7 13
4 11 13
5 7 10
6 8 13
9 10 12
509
14
1 2 3
0 4 5
0 6 7
0 8 9
1 10 11
1 12 13
2 10 12
2 11 13
3 10 13
3 11 12
4 6 8
4 7 9
5 6 9
5 7 8
