281
1
12
1 4 7
0 2 9
1 3 5
2 4 11
0 3 6
2 6 8
4 5 10
0
5
1
6
3
2
7 8
9 10
2
6
1 2 3
0
0
0
5
4
2
1 4
3 5
3
8
1 3 5
0 2 7
1 4 6
0
2
0
2
1
2
3 4
5 6
4
10
1 3 5
0 2 9
1 4 7
0 4 6
2 3 8
0
3
2
4
1
2
5 6
7 8
5
20
5 1 14
0
3 6 11
2 4 9
3 5 7
4 6 0
2 5 8
16 4 8
6 7 10
3
8
15 2 12
18 11 13
16 12 14
15 0 13
17 11 14
17 7 13
15 16 19
12
17
2
9 10
18 19
6
20
5 1 14
0
3 6 11
2 4 9
3 5 7
4 6 0
2 5 8
4 17 8
6 7 10
3
8
15 2 12
19 11 13
16 12 14
15 0 13
17 11 14
17 18 13
15 16 7
16
12
2
9 10
18 19
7
14
5 1 11
0
3 6 11
2 4 9
3 5 7
4 6 0
2 5 8
13 4 8
6 7 10
3
8
2 0 12
11
7
2
9 10
12 13
8
16
5 1 12
0
3 6 11
2 4 9
3 5 7
4 6 0
2 5 8
4 8 13
6 7 10
3
8
2 14 12
0 11 13
15 7 12
11
13
2
9 10
14 15
9
18
5 1 12
0
3 6 11
2 4 9
3 5 7
4 6 0
2 5 8
4 8 14
6 7 10
3
8
2 12 14
0 11 13
15 16 12
15 7 11
17 13 14
13
15
2
9 10
16 17
10
18
5 1 12
0
3 6 11
2 4 9
3 5 7
4 6 0
2 5 8
15 4 8
6 7 10
3
8
2 12 14
0 11 13
15 17 12
15 16 11
7 13 14
14
13
2
9 10
16 17
11
16
3 1 10
0
3 5 7
2 4 0
3 6 13
2
4
2 8 11
15 7 9
8 10 12
0 9 11
7 10 13
14 9 13
4 11 12
12
8
2
5 6
14 15
12
14
3 1 8
0
3 5 7
2 4 0
3 6 10
2
4
2 8 10
0 7 9
8 11 12
4 7 11
13 9 10
9
11
2
5 6
12 13
13
14
3 1 8
0
3 5 7
2 4 0
3 6 11
2
4
2 8 10
0 7 9
8 11 13
7 11 12
4 9 10
10
9
2
5 6
12 13
14
18
3 1 12
0
3 5 9
2 4 0
3 6 7
2 15 6
4 5 8
4
6
2 10 13
17 9 11
10 12 14
0 11 13
15 9 12
15 16 11
5 13 14
14
10
2
7 8
16 17
15
16
3 1 10
0
3 5 9
2 4 0
3 6 7
2 6 13
4 5 8
4
6
2 10 12
0 9 11
15 10 13
14 9 13
5 11 12
12
11
2
7 8
14 15
16
16
3 1 10
0
3 5 13
2 4 0
3 6 7
2 6 9
4 5 8
4
6
5 10 12
0 9 11
15 10 13
14 9 13
2 11 12
12
11
2
7 8
14 15
17
16
2 1 13
0
6 0 10
4 7 10
3 5 13
4 6 8
2 5 7
3 6 9
5 9 12
15 7 8
2 3 11
10
8
14 4 0
13
9
2
11 12
14 15
18
16
2 1 13
0
6 0 10
4 7 10
3 15 5
4 6 8
2 5 7
3 6 9
5 9 12
7 8 13
2 3 11
10
8
14 9 0
13
4
2
11 12
14 15
19
16
2 1 5
0
0 3 11
2
15
15 0 9
15 7 10
6 8 13
7 9 11
5 8 10
6 9 12
2 8 12
14 10 11
7
12
4 5 6
2
3 4
13 14
20
18
2 1 14
0
6 0 10
4 7 10
3 5 13
4 6 8
2 5 7
3 6 9
5 9 12
15 7 8
2 3 11
10
8
16 4 14
15 0 13
17 9 14
13
15
2
11 12
16 17
21
18
3 1 7
0
3 17 5
2 4 0
3 6 13
2
4
17 0 11
17 9 12
15 8 10
9 11 13
7 10 12
14 8 11
14 4 10
16 12 13
9
14
2 7 8
2
5 6
15 16
22
20
2 1 14
0
6 0 10
4 7 10
3 5 13
4 6 8
2 5 7
3 6 9
5 9 12
16 7 8
2 3 11
10
8
16 4 14
15 0 13
17 18 14
17 9 13
15 16 19
15
17
2
11 12
18 19
23
20
2 1 14
0
6 0 10
4 7 10
16 3 5
4 6 8
2 5 7
3 6 9
5 9 12
7 8 13
2 3 11
10
8
16 9 14
15 0 13
17 18 14
17 4 13
15 16 19
15
17
2
11 12
18 19
24
20
3 1 9
0
3 5 19
2 4 0
3 6 7
2 15 6
4 5 8
4
6
19 0 13
14 19 11
17 10 12
15 11 13
14 9 12
16 10 13
16 5 12
14 15 18
11
16
2 9 10
2
7 8
17 18
25
20
3 1 9
0
3 15 5
2 4 0
3 6 7
2 6 19
4 5 8
4
6
19 0 13
14 19 11
17 10 12
15 11 13
14 9 12
16 10 13
2 16 12
14 15 18
11
16
5 9 10
2
7 8
17 18
26
20
2 1 14
0
6 0 10
4 7 10
3 5 13
4 6 8
2 5 7
3 6 9
5 9 12
17 7 8
2 3 11
10
8
16 4 14
15 0 13
17 19 14
17 18 13
15 16 9
16
15
2
11 12
18 19
27
20
2 1 14
0
6 0 10
4 7 10
3 17 5
4 6 8
2 5 7
3 6 9
5 9 12
7 8 13
2 3 11
10
8
16 9 14
15 0 13
17 19 14
17 18 13
15 16 4
16
15
2
11 12
18 19
28
20
3 1 9
0
3 5 19
2 4 0
3 6 8
2 6 7
15 4 5
5
4
19 0 13
14 19 11
17 10 12
15 11 13
14 9 12
16 10 13
16 6 12
14 15 18
11
16
2 9 10
2
7 8
17 18
29
20
3 1 9
0
3 15 5
2 4 0
3 6 8
2 6 7
4 5 19
5
4
19 0 13
14 19 11
17 10 12
15 11 13
14 9 12
16 10 13
2 16 12
14 15 18
11
16
6 9 10
2
7 8
17 18
30
18
2 15 1
0
6 0 11
4 7 10
15 3 5
4 6 8
2 5 7
3 6 9
5 9 12
17 7 8
3 11 13
2 10 12
8 11 14
10
12
16 4 0
15
9
2
13 14
16 17
31
18
2 1 5
0
15 0 3
2
17
0 16 9
15 7 10
6 8 13
7 9 11
5 8 10
6 9 12
17 8 12
14 10 11
7
12
2 16 6
15 17 5
16 4 11
2
3 4
13 14
32
20
2 16 1
0
6 0 11
4 7 10
15 3 5
4 6 8
2 5 7
3 6 9
5 9 12
17 7 8
3 11 13
2 10 12
8 11 14
10
12
16 4 18
15 17 0
16 19 9
15
17
2
13 14
18 19
33
20
3 1 7
0
3 17 5
2 4 0
3 19 6
2
4
0 18 11
17 9 12
15 8 10
9 11 13
7 10 12
14 8 11
14 19 10
16 12 13
9
14
2 18 8
17 19 7
4 18 13
2
5 6
15 16
34
20
2 17 1
0
6 0 11
4 7 10
3 17 5
4 6 8
2 5 7
3 6 9
5 9 13
7 8 19
3 11 13
2 10 12
15 11 14
8 10 14
16 12 13
12
14
4 18 0
17
9
2
15 16
18 19
35
20
2 17 1
0
6 0 11
4 7 10
3 5 19
4 6 8
2 5 7
3 6 9
5 9 13
17 7 8
3 11 13
2 10 12
15 11 14
8 10 14
16 12 13
12
14
18 9 0
17
4
2
15 16
18 19
36
20
2 1 5
0
0 3 17
2
19
0 16 9
15 7 10
6 8 13
7 9 11
5 8 10
6 9 12
18 8 12
14 10 11
7
12
16 18 6
15 17 5
2 16 19
15 19 11
17 18 4
2
3 4
13 14
37
20
2 1 5
0
0 3 19
2
17
0 16 9
15 7 10
6 8 13
7 9 11
5 8 10
6 9 12
18 8 12
14 10 11
7
12
16 18 6
15 17 5
16 19 4
15 19 11
2 17 18
2
3 4
13 14
38
20
2 17 1
0
6 0 11
4 7 10
3 17 5
4 6 8
2 5 7
3 6 9
5 9 14
7 8 19
3 11 13
2 10 12
16 11 14
15 10 14
8 12 13
13
12
4 18 0
17
9
2
15 16
18 19
39
20
2 17 1
0
6 0 11
4 7 10
3 5 19
4 6 8
2 5 7
3 6 9
5 9 14
17 7 8
3 11 13
2 10 12
16 11 14
15 10 14
8 12 13
13
12
18 9 0
17
4
2
15 16
18 19
40
20
2 1 5
0
0 3 18
2
17
0 16 9
15 7 10
6 8 13
7 9 11
5 8 10
6 9 12
19 8 12
14 10 11
7
12
16 18 6
15 17 5
16 19 4
2 15 19
17 18 11
2
3 4
13 14
41
20
2 1 5
0
0 3 17
2
18
0 16 9
15 7 10
6 8 13
7 9 11
5 8 10
6 9 12
19 8 12
14 10 11
7
12
16 18 6
15 17 5
2 16 19
15 19 4
17 18 11
2
3 4
13 14
42
18
2 15 1
0
4 0 9
15 4 6
2 3 5
4 17 12
3 7 10
6 8 14
7 9 11
2 8 10
6 9 12
8 12 13
5 10 11
11
7
3 16 0
15
5
2
13 14
16 17
43
18
2 1 5
0
0 16 3
2
12
14 0 7
7 9 11
5 6 8
17 7 10
6
8
15 6 12
4 11 13
14 16 12
15 5 13
14 17 11
2 17 13
15 16 8
2
3 4
9 10
44
20
2 16 1
0
4 0 9
15 4 6
2 3 5
17 4 12
3 7 10
6 8 14
7 9 11
2 8 10
6 9 12
8 12 13
5 10 11
11
7
16 3 18
15 17 0
16 5 19
15
17
2
13 14
18 19
45
20
3 1 7
0
3 18 5
2 4 0
14 3 6
2
4
16 0 9
9 11 13
7 8 10
19 9 12
8
10
14 17 8
15 4 13
14 16 18
15 17 7
16 19 13
2 15 19
17 18 10
2
5 6
11 12
46
16
2 1 13
0
4 0 7
4 6 13
2 3 5
4 15 9
3 7 9
2 6 8
7 10 11
5 6 10
8 9 12
8
10
14 3 0
13
5
2
11 12
14 15
47
16
2 1 13
0
4 0 7
4 15 6
2 3 5
4 9 13
3 7 9
2 6 8
7 10 11
5 6 10
8 9 12
8
10
14 5 0
13
3
2
11 12
14 15
48
16
2 1 5
0
15 0 3
2
13
0 7 12
7 9 11
5 6 8
14 7 10
6
8
14 6 12
5 11 13
15 4 12
15 8 11
14 2 13
2
3 4
9 10
49
18
2 1 14
0
4 0 7
4 6 13
2 3 5
15 4 9
3 7 9
2 6 8
7 10 11
5 6 10
8 9 12
8
10
3 16 14
15 0 13
17 5 14
13
15
2
11 12
16 17
50
18
3 1 7
0
3 15 5
2 4 0
3 17 6
2
4
14 0 9
9 11 13
7 8 10
16 9 12
8
10
14 16 8
15 7 13
14 2 17
17 10 13
15 16 4
2
5 6
11 12
51
20
2 1 14
0
4 0 7
4 6 13
2 3 5
16 4 9
3 7 9
2 6 8
7 10 11
5 6 10
8 9 12
8
10
16 3 14
15 0 13
17 18 14
17 5 13
15 16 19
15
17
2
11 12
18 19
52
20
2 1 14
0
4 0 7
16 4 6
2 3 5
4 9 13
3 7 9
2 6 8
7 10 11
5 6 10
8 9 12
8
10
16 5 14
15 0 13
17 18 14
17 3 13
15 16 19
15
17
2
11 12
18 19
53
20
2 1 14
0
4 0 7
4 6 13
2 3 5
17 4 9
3 7 9
2 6 8
7 10 11
5 6 10
8 9 12
8
10
16 3 14
15 0 13
17 19 14
17 18 13
15 16 5
16
15
2
11 12
18 19
54
20
2 1 14
0
4 0 7
17 4 6
2 3 5
4 9 13
3 7 9
2 6 8
7 10 11
5 6 10
8 9 12
8
10
16 5 14
15 0 13
17 19 14
17 18 13
15 16 3
16
15
2
11 12
18 19
55
20
3 1 9
0
3 5 17
2 4 0
3 6 8
2 6 7
4 5 19
5
4
16 0 11
15 11 13
9 10 12
14 18 11
10
12
16 18 10
15 17 9
2 16 19
15 19 12
17 18 6
2
7 8
13 14
56
20
3 1 9
0
3 5 19
2 4 0
3 6 8
2 6 7
4 5 17
5
4
16 0 11
15 11 13
9 10 12
14 18 11
10
12
16 18 10
15 17 9
16 6 19
15 19 12
2 17 18
2
7 8
13 14
57
16
2 1 13
0
4 0 7
4 6 13
2 3 5
4 15 10
3 7 9
2 6 8
7 10 12
6 10 11
5 8 9
9
8
14 3 0
13
5
2
11 12
14 15
58
16
2 1 13
0
4 0 7
4 15 6
2 3 5
4 10 13
3 7 9
2 6 8
7 10 12
6 10 11
5 8 9
9
8
14 5 0
13
3
2
11 12
14 15
59
16
2 1 5
0
14 0 3
2
13
0 7 12
7 9 11
5 6 8
15 7 10
6
8
14 6 12
5 11 13
15 4 12
2 15 11
14 8 13
2
3 4
9 10
60
16
2 1 5
0
0 3 13
2
14
0 7 12
7 9 11
5 6 8
15 7 10
6
8
14 6 12
5 11 13
2 15 12
15 4 11
14 8 13
2
3 4
9 10
61
18
2 1 14
0
4 0 7
4 6 13
2 3 5
15 4 10
3 7 9
2 6 8
7 10 12
6 10 11
5 8 9
9
8
3 16 14
15 0 13
17 5 14
13
15
2
11 12
16 17
62
18
3 1 7
0
3 16 5
2 4 0
3 15 6
2
4
14 0 9
9 11 13
7 8 10
17 9 12
8
10
14 16 8
15 7 13
14 4 17
2 17 13
15 16 10
2
5 6
11 12
63
20
2 1 14
0
4 0 7
4 6 13
2 3 5
16 4 10
3 7 9
2 6 8
7 10 12
6 10 11
5 8 9
9
8
16 3 14
15 0 13
17 18 14
17 5 13
15 16 19
15
17
2
11 12
18 19
64
20
2 1 14
0
4 0 7
16 4 6
2 3 5
4 10 13
3 7 9
2 6 8
7 10 12
6 10 11
5 8 9
9
8
16 5 14
15 0 13
17 18 14
17 3 13
15 16 19
15
17
2
11 12
18 19
65
20
3 1 9
0
3 5 18
2 4 0
3 6 7
2 17 6
4 5 8
4
6
16 0 11
15 11 13
9 10 12
14 19 11
10
12
16 18 10
15 17 9
16 5 19
2 15 19
17 18 12
2
7 8
13 14
66
20
3 1 9
0
3 5 17
2 4 0
3 6 7
2 6 18
4 5 8
4
6
16 0 11
15 11 13
9 10 12
14 19 11
10
12
16 18 10
15 17 9
2 16 19
15 5 19
17 18 12
2
7 8
13 14
67
20
2 1 14
0
4 0 7
4 6 13
2 3 5
17 4 10
3 7 9
2 6 8
7 10 12
6 10 11
5 8 9
9
8
16 3 14
15 0 13
17 19 14
17 18 13
15 16 5
16
15
2
11 12
18 19
68
20
2 1 14
0
4 0 7
17 4 6
2 3 5
4 10 13
3 7 9
2 6 8
7 10 12
6 10 11
5 8 9
9
8
16 5 14
15 0 13
17 19 14
17 18 13
15 16 3
16
15
2
11 12
18 19
69
20
3 1 9
0
3 5 18
2 4 0
3 6 8
2 6 7
4 5 17
5
4
16 0 11
15 11 13
9 10 12
14 19 11
10
12
16 18 10
15 17 9
16 6 19
2 15 19
17 18 12
2
7 8
13 14
70
20
3 1 9
0
3 5 17
2 4 0
3 6 8
2 6 7
4 5 18
5
4
16 0 11
15 11 13
9 10 12
14 19 11
10
12
16 18 10
15 17 9
2 16 19
15 6 19
17 18 12
2
7 8
13 14
71
20
2 17 1
0
4 0 11
4 6 8
2 3 5
17 4 7
3 7 14
5 6 19
3 9 12
16 8 10
9 11 13
2 10 12
8 11 14
15 10 14
6 12 13
13
9
5 18 0
17
7
2
15 16
18 19
72
20
2 17 1
0
4 0 11
4 6 8
2 3 5
4 7 19
3 7 14
17 5 6
3 9 12
16 8 10
9 11 13
2 10 12
8 11 14
15 10 14
6 12 13
13
9
18 7 0
17
5
2
15 16
18 19
73
20
2 1 5
0
0 3 18
2
14
0 16 7
7 9 13
5 6 8
7 10 11
19 6 10
8 9 12
8
10
14 17 6
15 4 13
14 16 18
15 17 5
16 19 13
2 15 19
17 18 9
2
3 4
11 12
74
20
2 1 5
0
14 0 3
2
18
0 16 7
7 9 13
5 6 8
7 10 11
19 6 10
8 9 12
8
10
14 17 6
2 15 13
14 16 18
15 17 5
16 19 13
15 19 4
17 18 9
2
3 4
11 12
75
18
2 15 1
0
4 0 9
4 6 8
2 3 5
15 4 7
3 7 12
5 6 17
3 9 11
2 8 10
9 12 14
8 12 13
6 10 11
11
10
16 5 0
15
7
2
13 14
16 17
76
18
2 15 1
0
4 0 9
4 6 8
2 3 5
4 17 7
3 7 12
15 5 6
3 9 11
2 8 10
9 12 14
8 12 13
6 10 11
11
10
16 7 0
15
5
2
13 14
16 17
77
18
2 1 5
0
0 16 3
2
15
14 0 7
7 9 13
5 6 8
7 10 11
17 6 10
8 9 12
8
10
14 16 6
15 5 13
14 17 4
2 17 13
15 16 9
2
3 4
11 12
78
18
2 1 5
0
15 0 3
2
16
14 0 7
7 9 13
5 6 8
7 10 11
17 6 10
8 9 12
8
10
14 16 6
15 5 13
14 2 17
17 4 13
15 16 9
2
3 4
11 12
79
20
2 16 1
0
4 0 9
4 6 8
2 3 5
15 4 7
3 7 12
17 5 6
3 9 11
2 8 10
9 12 14
8 12 13
6 10 11
11
10
16 5 18
15 17 0
16 19 7
15
17
2
13 14
18 19
80
20
3 1 7
0
3 18 5
2 4 0
3 17 6
2
4
16 0 9
15 9 11
7 8 10
9 12 13
19 8 12
14 10 11
10
12
16 18 8
15 17 7
16 4 19
2 15 19
17 18 11
2
5 6
13 14
81
18
2 15 1
0
4 0 9
4 6 12
2 3 5
15 4 7
3 7 8
5 6 17
6 9 11
2 8 10
9 12 14
8 12 13
3 10 11
11
10
16 5 0
15
7
2
13 14
16 17
82
18
2 15 1
0
4 0 9
4 6 12
2 3 5
4 17 7
3 7 8
15 5 6
6 9 11
2 8 10
9 12 14
8 12 13
3 10 11
11
10
16 7 0
15
5
2
13 14
16 17
83
18
2 1 5
0
0 16 3
2
15
14 0 7
17 7 9
5 6 8
7 10 11
6 10 13
8 9 12
8
10
14 16 9
15 5 13
14 17 4
2 17 13
15 16 6
2
3 4
11 12
84
18
2 1 5
0
15 0 3
2
16
14 0 7
17 7 9
5 6 8
7 10 11
6 10 13
8 9 12
8
10
14 16 9
15 5 13
14 2 17
17 4 13
15 16 6
2
3 4
11 12
85
20
2 16 1
0
4 0 9
4 6 12
2 3 5
15 4 7
3 7 8
17 5 6
6 9 11
2 8 10
9 12 14
8 12 13
3 10 11
11
10
16 5 18
15 17 0
16 19 7
15
17
2
13 14
18 19
86
20
3 1 7
0
3 18 5
2 4 0
3 17 6
2
4
16 0 9
19 9 11
7 8 10
9 12 13
15 8 12
14 10 11
10
12
16 18 11
15 17 7
16 4 19
2 15 19
17 18 8
2
5 6
13 14
87
18
2 15 1
0
3 0 12
2 7 11
5 8 11
4 6 12
5 7 9
3 6 8
4 7 10
6 17 10
8 9 14
15 3 4
2 5 13
12
10
16 11 0
15
9
2
13 14
16 17
88
18
2 15 1
0
3 0 12
2 7 11
5 8 11
4 6 12
5 7 9
3 6 8
4 7 10
15 6 10
8 9 14
3 4 17
2 5 13
12
10
16 9 0
15
11
2
13 14
16 17
89
18
2 1 5
0
0 3 13
2
17
0 17 6
14 5 10
14 8 11
17 7 9
8 10 12
6 9 11
7 10 13
16 9 13
2 11 12
15 6 7
14
12
4 5 8
2
3 4
15 16
90
20
2 16 1
0
3 0 12
2 7 11
5 8 11
4 6 12
5 7 9
3 6 8
4 7 10
17 6 10
8 9 14
15 3 4
2 5 13
12
10
16 18 11
15 17 0
16 19 9
15
17
2
13 14
18 19
91
20
3 1 7
0
3 5 19
2 4 0
3 15 6
2
4
0 19 8
16 7 12
16 10 13
19 9 11
14 10 12
8 11 13
15 9 12
15 18 11
14 4 13
17 8 9
16
14
2 7 10
2
5 6
17 18
92
18
2 15 1
0
3 0 12
2 7 11
5 8 11
4 6 14
5 7 9
3 6 8
4 7 10
6 17 10
8 9 12
15 3 4
2 10 13
12
5
16 11 0
15
9
2
13 14
16 17
93
18
2 15 1
0
3 0 12
2 7 11
5 8 11
4 6 14
5 7 9
3 6 8
4 7 10
15 6 10
8 9 12
3 4 17
2 10 13
12
5
16 9 0
15
11
2
13 14
16 17
94
18
2 1 5
0
0 3 8
2
17
0 17 6
14 5 10
14 8 11
2 7 9
8 10 12
6 9 11
7 10 13
16 9 13
17 11 12
15 6 7
14
12
4 5 13
2
3 4
15 16
95
20
2 16 1
0
3 0 12
2 7 11
5 8 11
4 6 14
5 7 9
3 6 8
4 7 10
17 6 10
8 9 12
15 3 4
2 10 13
12
5
16 18 11
15 17 0
16 19 9
15
17
2
13 14
18 19
96
20
3 1 7
0
3 5 19
2 4 0
3 6 10
2
4
0 19 8
16 7 12
16 10 13
4 9 11
14 10 12
8 11 13
15 9 12
15 18 11
14 19 13
17 8 9
16
14
2 15 7
2
5 6
17 18
97
18
2 15 1
0
3 0 4
2 17 10
2 8 14
6 9 14
5 7 12
6 8 10
4 7 9
5 8 11
3 7 11
9 10 13
6
11
15 4 5
16 0 14
15
3
2
12 13
16 17
98
18
2 1 5
0
0 3 11
2
16
0 6 9
15 5 7
6
17
17 5 13
14 17 11
2 10 12
15 11 13
14 9 12
16 10 13
16 6 12
14 15 4
8 9 10
2
3 4
7 8
99
18
2 1 5
0
0 16 3
2
11
0 6 9
15 5 7
6
17
17 5 13
14 17 11
4 10 12
15 11 13
14 9 12
16 10 13
16 6 12
14 2 15
8 9 10
2
3 4
7 8
100
20
2 16 1
0
3 0 4
2 15 10
2 8 14
6 9 14
5 7 12
6 8 10
4 7 9
5 8 11
3 7 11
9 10 13
6
11
17 4 5
16 3 18
15 17 0
16 19 14
15
17
2
12 13
18 19
101
20
3 1 7
0
3 5 13
2 4 0
3 18 6
2
4
0 8 11
17 7 9
8
19
15 19 7
16 19 13
14 2 12
15 17 13
14 16 11
15 18 12
14 18 8
16 4 17
10 11 12
2
5 6
9 10
102
20
2 17 1
0
3 0 13
2 7 11
5 8 11
4 6 12
5 7 9
3 6 8
4 7 10
6 19 10
8 9 14
3 17 4
15 5 13
2 12 14
16 10 13
12
14
18 11 0
17
9
2
15 16
18 19
103
20
2 17 1
0
3 0 13
2 7 11
5 8 11
4 6 12
5 7 9
3 6 8
4 7 10
17 6 10
8 9 14
3 4 19
15 5 13
2 12 14
16 10 13
12
14
18 9 0
17
11
2
15 16
18 19
104
20
2 1 5
0
0 3 17
2
19
0 18 6
14 5 10
14 8 11
17 7 9
8 10 12
6 9 11
7 10 13
16 9 13
19 11 12
15 6 7
14
12
2 18 8
17 19 5
18 4 13
2
3 4
15 16
105
20
2 1 5
0
0 3 19
2
17
0 18 6
14 5 10
14 8 11
17 7 9
8 10 12
6 9 11
7 10 13
16 9 13
19 11 12
15 6 7
14
12
18 4 8
17 19 5
2 18 13
2
3 4
15 16
106
20
2 17 1
0
4 0 6
16 17 4
2 3 5
4 19 12
2 16 10
16 8 11
7 9 14
8 10 12
6 9 11
7 10 13
5 9 13
15 11 12
8
13
3 6 7
3 18 0
17
5
2
14 15
18 19
107
20
2 17 1
0
4 0 6
16 4 19
2 3 5
17 4 12
2 16 10
16 8 11
7 9 14
8 10 12
6 9 11
7 10 13
5 9 13
15 11 12
8
13
3 6 7
5 18 0
17
3
2
14 15
18 19
108
20
2 1 5
0
0 3 13
2
18
0 7 11
19 7 9
5 6 8
17 7 10
6
8
15 5 19
16 19 13
14 2 12
15 17 13
14 16 11
15 18 12
14 18 8
16 17 4
6 11 12
2
3 4
9 10
109
20
2 1 5
0
0 3 18
2
13
0 7 11
19 7 9
5 6 8
17 7 10
6
8
15 5 19
16 19 13
14 4 12
15 17 13
14 16 11
15 18 12
14 18 8
2 16 17
6 11 12
2
3 4
9 10
110
20
2 17 1
0
3 0 14
2 7 12
5 8 11
4 6 14
5 7 9
3 6 8
4 7 10
6 10 13
16 8 9
17 4 12
3 11 13
19 9 12
2 15 5
14
10
18 11 0
17
13
2
15 16
18 19
111
20
2 17 1
0
3 0 14
2 7 12
5 8 11
4 6 14
5 7 9
3 6 8
4 7 10
6 10 13
16 8 9
4 19 12
3 11 13
17 9 12
2 15 5
14
10
18 13 0
17
11
2
15 16
18 19
112
20
2 1 5
0
0 3 13
2
19
0 19 6
15 5 10
14 8 11
19 7 9
8 10 12
6 9 11
7 10 13
16 9 13
2 11 12
15 17 7
14 16 6
15 18 12
14
16
4 5 8
2
3 4
17 18
113
20
2 17 1
0
3 0 4
2 19 14
2 15 8
6 9 14
5 7 12
6 8 10
4 7 9
5 8 11
16 7 11
9 10 13
6
11
15 3 5
16 4 14
15 17 10
16 0 18
17
3
2
12 13
18 19
114
20
2 1 5
0
0 3 11
2
16
0 6 9
17 5 7
6
19
5 18 13
14 17 11
2 10 12
15 11 13
14 9 12
16 10 13
16 19 12
14 15 4
18 6 10
17 19 9
15 18 8
2
3 4
7 8
115
20
2 1 5
0
0 16 3
2
11
0 6 9
17 5 7
6
19
5 18 13
14 17 11
4 10 12
15 11 13
14 9 12
16 10 13
16 19 12
14 2 15
18 6 10
17 19 9
15 18 8
2
3 4
7 8
116
20
2 17 1
0
3 0 14
2 5 10
5 7 14
3 4 6
16 5 13
4 8 11
7 19 9
8 10 12
3 9 11
7 10 13
17 9 13
6 11 12
2 15 4
14
6
18 12 0
17
8
2
15 16
18 19
117
20
2 17 1
0
3 0 14
2 5 10
5 7 14
3 4 6
16 5 13
4 8 11
17 7 9
8 10 12
3 9 11
7 10 13
19 9 13
6 11 12
2 15 4
14
6
18 8 0
17
12
2
15 16
18 19
118
20
2 1 5
0
0 3 9
2
19
0 19 6
5 8 13
19 8 10
6 7 9
2 16 8
14 7 11
18 10 12
15 11 13
14 6 12
16 10 13
16 17 12
14 15 9
15
11
4 5 7
2
3 4
17 18
119
20
2 17 1
0
3 0 4
2 15 19
2 6 13
6 8 10
4 5 7
16 6 9
5
7
5 11 14
17 10 12
15 11 13
4 12 14
16 10 13
16 3 12
15 7 14
0 18 11
17
3
2
8 9
18 19
120
20
2 1 5
0
0 3 10
2
12
0 6 9
5 18 7
6
14
16 5 11
2 13 11
9 10 12
4 19 11
14 17 10
13 15 8
14 16 18
15 17 9
13 16 19
15 19 6
17 18 12
2
3 4
7 8
121
20
2 1 5
0
0 3 12
2
10
0 6 9
5 18 7
6
14
16 5 11
13 4 11
9 10 12
2 19 11
14 17 10
13 15 8
14 16 18
15 17 9
13 16 19
15 19 6
17 18 12
2
3 4
7 8
122
18
2 15 1
0
3 0 12
2 5 8
5 7 12
3 4 6
5 10 14
4 8 10
3 7 9
15 8 11
6 7 11
17 9 10
2 4 13
12
6
16 9 0
15
11
2
13 14
16 17
123
18
2 15 1
0
3 0 12
2 5 8
5 7 12
3 4 6
5 10 14
4 8 10
3 7 9
17 8 11
6 7 11
15 9 10
2 4 13
12
6
16 11 0
15
9
2
13 14
16 17
124
18
2 1 5
0
0 3 9
2
17
0 17 6
5 8 11
17 8 10
6 7 9
2 8 13
7 11 13
6 10 12
14 15 11
14 9 10
16 12 13
12
14
4 5 7
2
3 4
15 16
125
20
2 16 1
0
3 0 12
2 5 8
5 7 12
3 4 6
5 10 14
4 8 10
3 7 9
15 8 11
6 7 11
17 9 10
2 4 13
12
6
16 18 9
15 17 0
16 19 11
15
17
2
13 14
18 19
126
20
3 1 7
0
3 5 19
2 4 0
3 6 11
2
4
0 19 8
7 10 13
19 10 12
8 9 11
15 4 10
15 9 13
14 8 12
16 17 13
16 11 12
14 15 18
14
16
2 7 9
2
5 6
17 18
127
18
2 15 1
0
3 0 12
2 5 8
5 7 14
3 4 6
5 10 12
4 8 10
3 7 9
15 8 11
6 7 11
17 9 10
2 6 13
12
4
16 9 0
15
11
2
13 14
16 17
128
18
2 15 1
0
3 0 12
2 5 8
5 7 14
3 4 6
5 10 12
4 8 10
3 7 9
17 8 11
6 7 11
15 9 10
2 6 13
12
4
16 11 0
15
9
2
13 14
16 17
129
18
2 1 5
0
0 3 7
2
17
0 17 6
5 8 11
2 8 10
6 7 9
17 8 13
7 11 13
6 10 12
14 15 11
14 9 10
16 12 13
12
14
4 5 9
2
3 4
15 16
130
20
2 16 1
0
3 0 12
2 5 8
5 7 14
3 4 6
5 10 12
4 8 10
3 7 9
15 8 11
6 7 11
17 9 10
2 6 13
12
4
16 18 9
15 17 0
16 19 11
15
17
2
13 14
18 19
131
20
3 1 7
0
3 5 19
2 4 0
3 6 9
2
4
0 19 8
7 10 13
4 10 12
8 9 11
15 19 10
15 9 13
14 8 12
16 17 13
16 11 12
14 15 18
14
16
2 7 11
2
5 6
17 18
132
18
2 15 1
0
3 0 4
2 17 14
2 6 11
6 8 10
4 5 7
6 9 13
5
7
5 11 13
4 10 12
15 11 14
7 10 14
3 12 13
16 0 12
15
3
2
8 9
16 17
133
18
2 1 5
0
0 3 10
2
12
0 6 9
17 5 7
6
15
14 5 11
2 13 11
9 10 12
16 4 11
14 16 10
13 15 9
14 17 8
13 17 12
15 16 6
2
3 4
7 8
134
18
2 1 5
0
0 3 12
2
10
0 6 9
17 5 7
6
15
14 5 11
13 4 11
9 10 12
2 16 11
14 16 10
13 15 9
14 17 8
13 17 12
15 16 6
2
3 4
7 8
135
20
2 16 1
0
3 0 4
2 15 14
2 6 11
6 8 10
4 5 7
6 9 13
5
7
5 11 13
4 10 12
17 11 14
7 10 14
3 12 13
16 3 18
15 17 0
16 19 12
15
17
2
8 9
18 19
136
20
3 1 7
0
3 5 12
2 4 0
14 3 6
2
4
0 8 11
19 7 9
8
17
16 7 13
2 15 13
14 11 12
4 18 13
16 18 12
15 17 11
16 19 10
14 15 19
17 18 8
2
5 6
9 10
137
20
2 17 1
0
3 0 13
2 5 8
5 7 12
3 4 6
5 10 14
4 8 10
3 7 9
17 8 11
6 7 11
19 9 10
15 4 13
2 12 14
16 6 13
12
14
18 9 0
17
11
2
15 16
18 19
138
20
2 17 1
0
3 0 13
2 5 8
5 7 12
3 4 6
5 10 14
4 8 10
3 7 9
8 19 11
6 7 11
17 9 10
15 4 13
2 12 14
16 6 13
12
14
18 11 0
17
9
2
15 16
18 19
139
20
2 1 5
0
0 3 17
2
19
0 18 6
5 8 11
17 8 10
6 7 9
19 8 13
7 11 13
6 10 12
14 15 11
14 9 10
16 12 13
12
14
2 18 7
17 19 5
18 4 9
2
3 4
15 16
140
20
2 1 5
0
0 3 19
2
17
0 18 6
5 8 11
17 8 10
6 7 9
19 8 13
7 11 13
6 10 12
14 15 11
14 9 10
16 12 13
12
14
18 4 7
17 19 5
2 18 9
2
3 4
15 16
141
20
2 17 1
0
4 0 6
17 4 14
2 3 5
16 4 19
2 8 13
8 10 12
6 7 9
15 8 11
7
9
15 7 13
6 12 14
16 3 13
16 9 12
15 5 14
3 18 0
17
5
2
10 11
18 19
142
20
2 17 1
0
4 0 6
4 19 14
2 3 5
16 17 4
2 8 13
8 10 12
6 7 9
15 8 11
7
9
15 7 13
6 12 14
16 3 13
16 9 12
15 5 14
5 18 0
17
3
2
10 11
18 19
143
20
2 1 5
0
0 3 12
2
14
0 7 11
17 7 9
5 6 8
19 7 10
6
8
16 5 13
2 15 13
14 11 12
4 18 13
16 18 12
15 17 11
16 19 6
14 15 19
17 18 8
2
3 4
9 10
144
20
2 1 5
0
14 0 3
2
12
0 7 11
17 7 9
5 6 8
19 7 10
6
8
16 5 13
15 4 13
14 11 12
2 18 13
16 18 12
15 17 11
16 19 6
14 15 19
17 18 8
2
3 4
9 10
145
18
2 15 1
0
3 0 12
2 5 8
5 7 12
3 4 6
5 11 14
4 8 10
3 7 9
17 8 11
15 7 11
6 9 10
2 4 13
12
6
16 10 0
15
9
2
13 14
16 17
146
18
2 15 1
0
3 0 12
2 5 8
5 7 12
3 4 6
5 11 14
4 8 10
3 7 9
15 8 11
17 7 11
6 9 10
2 4 13
12
6
16 9 0
15
10
2
13 14
16 17
147
18
2 1 5
0
0 3 9
2
17
0 17 6
5 8 11
17 8 10
6 7 9
14 2 8
7 11 13
6 10 12
14 16 11
14 15 10
9 12 13
13
12
4 5 7
2
3 4
15 16
148
20
2 16 1
0
3 0 12
2 5 8
5 7 12
3 4 6
5 11 14
4 8 10
3 7 9
17 8 11
15 7 11
6 9 10
2 4 13
12
6
16 18 10
15 17 0
16 19 9
15
17
2
13 14
18 19
149
20
3 1 7
0
3 5 19
2 4 0
3 6 11
2
4
0 19 8
7 10 13
19 10 12
8 9 11
16 4 10
15 9 13
14 8 12
16 18 13
16 17 12
14 15 11
15
14
2 7 9
2
5 6
17 18
150
18
2 15 1
0
3 0 12
2 5 8
5 7 14
3 4 6
5 11 12
4 8 10
3 7 9
17 8 11
15 7 11
6 9 10
2 6 13
12
4
16 10 0
15
9
2
13 14
16 17
151
18
2 15 1
0
3 0 12
2 5 8
5 7 14
3 4 6
5 11 12
4 8 10
3 7 9
15 8 11
17 7 11
6 9 10
2 6 13
12
4
16 9 0
15
10
2
13 14
16 17
152
18
2 1 5
0
0 3 7
2
17
0 17 6
5 8 11
2 8 10
6 7 9
14 17 8
7 11 13
6 10 12
14 16 11
14 15 10
9 12 13
13
12
4 5 9
2
3 4
15 16
153
20
2 16 1
0
3 0 12
2 5 8
5 7 14
3 4 6
5 11 12
4 8 10
3 7 9
17 8 11
15 7 11
6 9 10
2 6 13
12
4
16 18 10
15 17 0
16 19 9
15
17
2
13 14
18 19
154
20
3 1 7
0
3 5 19
2 4 0
3 6 9
2
4
0 19 8
7 10 13
4 10 12
8 9 11
16 19 10
15 9 13
14 8 12
16 18 13
16 17 12
14 15 11
15
14
2 7 11
2
5 6
17 18
155
18
2 15 1
0
3 0 4
2 17 13
2 6 11
6 8 10
4 5 7
6 9 14
5
7
5 11 13
4 10 12
15 11 14
3 10 14
7 12 13
16 0 12
15
3
2
8 9
16 17
156
18
2 1 5
0
0 3 10
2
12
0 6 9
16 5 7
6
15
14 5 11
2 13 11
9 10 12
17 4 11
14 16 10
13 15 9
14 17 8
13 17 6
15 16 12
2
3 4
7 8
157
18
2 1 5
0
0 3 12
2
10
0 6 9
16 5 7
6
15
14 5 11
13 4 11
9 10 12
2 17 11
14 16 10
13 15 9
14 17 8
13 17 6
15 16 12
2
3 4
7 8
158
20
2 16 1
0
3 0 4
2 15 13
2 6 11
6 8 10
4 5 7
6 9 14
5
7
5 11 13
4 10 12
17 11 14
3 10 14
7 12 13
16 3 18
15 17 0
16 19 12
15
17
2
8 9
18 19
159
20
3 1 7
0
3 5 12
2 4 0
14 3 6
2
4
0 8 11
18 7 9
8
17
16 7 13
2 15 13
14 11 12
4 19 13
16 18 12
15 17 11
16 19 10
15 19 8
14 17 18
2
5 6
9 10
160
18
2 15 1
0
3 0 4
2 17 12
2 6 11
6 8 10
4 5 7
6 9 14
5
7
5 11 13
4 10 12
3 11 14
15 10 14
7 12 13
16 0 13
15
3
2
8 9
16 17
161
18
2 1 5
0
0 3 10
2
12
0 6 9
15 5 7
6
16
14 5 11
2 13 11
9 10 12
17 4 11
14 16 10
13 15 9
14 17 6
13 17 8
15 16 12
2
3 4
7 8
162
18
2 1 5
0
0 3 12
2
10
0 6 9
15 5 7
6
16
14 5 11
13 4 11
9 10 12
2 17 11
14 16 10
13 15 9
14 17 6
13 17 8
15 16 12
2
3 4
7 8
163
20
2 16 1
0
3 0 4
2 15 12
2 6 11
6 8 10
4 5 7
6 9 14
5
7
5 11 13
4 10 12
3 11 14
17 10 14
7 12 13
16 3 18
15 17 0
16 19 13
15
17
2
8 9
18 19
164
20
3 1 7
0
3 5 12
2 4 0
14 3 6
2
4
0 8 11
17 7 9
8
18
16 7 13
2 15 13
14 11 12
4 19 13
16 18 12
15 17 11
16 19 8
15 19 10
14 17 18
2
5 6
9 10
165
20
2 17 1
0
3 0 13
2 5 8
5 7 12
3 4 6
5 11 14
4 8 10
3 7 9
8 19 11
17 7 11
6 9 10
15 4 13
2 12 14
16 6 13
12
14
18 10 0
17
9
2
15 16
18 19
166
20
2 17 1
0
3 0 13
2 5 8
5 7 12
3 4 6
5 11 14
4 8 10
3 7 9
17 8 11
7 19 11
6 9 10
15 4 13
2 12 14
16 6 13
12
14
18 9 0
17
10
2
15 16
18 19
167
20
2 1 5
0
0 3 17
2
19
0 18 6
5 8 11
17 8 10
6 7 9
14 19 8
7 11 13
6 10 12
14 16 11
14 15 10
9 12 13
13
12
2 18 7
17 19 5
18 4 9
2
3 4
15 16
168
20
2 1 5
0
0 3 19
2
17
0 18 6
5 8 11
17 8 10
6 7 9
14 19 8
7 11 13
6 10 12
14 16 11
14 15 10
9 12 13
13
12
18 4 7
17 19 5
2 18 9
2
3 4
15 16
169
20
2 17 1
0
4 0 6
15 17 4
2 3 5
4 19 14
2 8 13
8 10 12
6 7 9
16 8 11
7
9
15 7 13
6 12 14
16 5 13
16 3 12
15 9 14
3 18 0
17
5
2
10 11
18 19
170
20
2 17 1
0
4 0 6
15 4 19
2 3 5
17 4 14
2 8 13
8 10 12
6 7 9
16 8 11
7
9
15 7 13
6 12 14
16 5 13
16 3 12
15 9 14
5 18 0
17
3
2
10 11
18 19
171
20
2 1 5
0
0 3 12
2
14
0 7 11
18 7 9
5 6 8
17 7 10
6
8
16 5 13
2 15 13
14 11 12
4 19 13
16 18 12
15 17 11
16 19 8
15 19 6
14 17 18
2
3 4
9 10
172
20
2 1 5
0
14 0 3
2
12
0 7 11
18 7 9
5 6 8
17 7 10
6
8
16 5 13
15 4 13
14 11 12
2 19 13
16 18 12
15 17 11
16 19 8
15 19 6
14 17 18
2
3 4
9 10
173
20
2 17 1
0
3 0 14
2 5 10
5 7 9
3 4 6
5 8 14
4 8 13
16 6 7
4 10 12
3 9 11
19 10 13
17 9 13
7 11 12
2 15 6
14
8
18 12 0
17
11
2
15 16
18 19
174
20
2 17 1
0
3 0 14
2 5 10
5 7 9
3 4 6
5 8 14
4 8 13
16 6 7
4 10 12
3 9 11
17 10 13
19 9 13
7 11 12
2 15 6
14
8
18 11 0
17
12
2
15 16
18 19
175
20
2 1 5
0
0 3 11
2
19
0 19 6
5 8 13
8 10 12
6 7 9
19 8 11
16 7 11
2 9 10
15 7 13
14 6 12
16 18 13
16 17 12
14 15 10
15
14
4 5 9
2
3 4
17 18
176
20
2 17 1
0
3 0 14
2 5 10
5 7 9
3 4 6
16 5 8
4 8 13
6 7 14
4 10 12
3 9 11
19 10 13
17 9 13
7 11 12
2 15 8
14
6
18 12 0
17
11
2
15 16
18 19
177
20
2 17 1
0
3 0 14
2 5 10
5 7 9
3 4 6
16 5 8
4 8 13
6 7 14
4 10 12
3 9 11
17 10 13
19 9 13
7 11 12
2 15 8
14
6
18 11 0
17
12
2
15 16
18 19
178
20
2 1 5
0
0 3 9
2
19
0 19 6
5 8 13
8 10 12
6 7 9
2 8 11
16 7 11
19 9 10
15 7 13
14 6 12
16 18 13
16 17 12
14 15 10
15
14
4 5 11
2
3 4
17 18
179
20
2 17 1
0
3 0 4
2 15 19
2 6 13
6 8 12
4 5 7
6 9 10
16 5 9
7 8 11
7
9
15 5 13
4 12 14
16 17 13
16 3 12
15 8 14
0 18 14
17
3
2
10 11
18 19
180
20
2 1 5
0
0 3 12
2
14
0 6 9
5 18 7
6
17
16 5 11
15 11 13
9 10 12
14 2 11
14 19 10
4 12 13
16 18 10
15 17 9
16 19 8
15 19 6
17 18 13
2
3 4
7 8
181
20
2 1 5
0
14 0 3
2
12
0 6 9
5 18 7
6
17
16 5 11
15 11 13
9 10 12
14 4 11
14 19 10
2 12 13
16 18 10
15 17 9
16 19 8
15 19 6
17 18 13
2
3 4
7 8
182
20
2 17 1
0
3 0 4
2 19 14
2 6 13
6 8 12
4 5 7
6 9 10
16 5 9
7 8 11
7
9
15 5 13
4 12 14
16 3 13
16 17 12
15 8 14
15 0 18
17
3
2
10 11
18 19
183
20
2 1 5
0
0 3 12
2
14
0 6 9
17 5 7
6
18
16 5 11
15 11 13
9 10 12
14 2 11
14 19 10
4 12 13
16 18 10
15 17 9
16 19 6
15 19 8
17 18 13
2
3 4
7 8
184
20
2 1 5
0
14 0 3
2
12
0 6 9
17 5 7
6
18
16 5 11
15 11 13
9 10 12
14 4 11
14 19 10
2 12 13
16 18 10
15 17 9
16 19 6
15 19 8
17 18 13
2
3 4
7 8
185
20
2 17 1
0
3 0 14
2 5 10
5 7 13
3 4 6
5 8 14
4 8 9
16 6 7
7 10 12
3 9 11
19 10 13
17 9 13
4 11 12
2 15 6
14
8
18 12 0
17
11
2
15 16
18 19
186
20
2 17 1
0
3 0 14
2 5 10
5 7 13
3 4 6
5 8 14
4 8 9
16 6 7
7 10 12
3 9 11
17 10 13
19 9 13
4 11 12
2 15 6
14
8
18 11 0
17
12
2
15 16
18 19
187
20
2 1 5
0
0 3 11
2
19
0 19 6
5 8 13
16 8 10
6 7 9
19 8 11
7 11 12
2 9 10
15 10 13
14 6 12
16 18 13
16 17 12
14 15 7
15
14
4 5 9
2
3 4
17 18
188
20
2 17 1
0
3 0 14
2 5 10
5 7 13
3 4 6
16 5 8
4 8 9
6 7 14
7 10 12
3 9 11
19 10 13
17 9 13
4 11 12
2 15 8
14
6
18 12 0
17
11
2
15 16
18 19
189
20
2 17 1
0
3 0 14
2 5 10
5 7 13
3 4 6
16 5 8
4 8 9
6 7 14
7 10 12
3 9 11
17 10 13
19 9 13
4 11 12
2 15 8
14
6
18 11 0
17
12
2
15 16
18 19
190
20
2 1 5
0
0 3 9
2
19
0 19 6
5 8 13
16 8 10
6 7 9
2 8 11
7 11 12
19 9 10
15 10 13
14 6 12
16 18 13
16 17 12
14 15 7
15
14
4 5 11
2
3 4
17 18
191
20
2 17 1
0
3 0 4
2 15 19
2 6 13
16 6 8
4 5 7
6 9 10
5 9 12
7 8 11
7
9
15 8 13
4 12 14
16 17 13
16 3 12
15 5 14
0 18 14
17
3
2
10 11
18 19
192
20
2 1 5
0
0 3 12
2
14
0 6 9
5 18 7
6
17
16 5 11
19 11 13
9 10 12
14 2 11
14 15 10
4 12 13
16 18 13
15 17 9
16 19 8
15 19 6
17 18 10
2
3 4
7 8
193
20
2 1 5
0
14 0 3
2
12
0 6 9
5 18 7
6
17
16 5 11
19 11 13
9 10 12
14 4 11
14 15 10
2 12 13
16 18 13
15 17 9
16 19 8
15 19 6
17 18 10
2
3 4
7 8
194
20
2 17 1
0
3 0 4
2 19 14
2 6 13
16 6 8
4 5 7
6 9 10
5 9 12
7 8 11
7
9
15 8 13
4 12 14
16 3 13
16 17 12
15 5 14
15 0 18
17
3
2
10 11
18 19
195
20
2 1 5
0
0 3 12
2
14
0 6 9
17 5 7
6
18
16 5 11
19 11 13
9 10 12
14 2 11
14 15 10
4 12 13
16 18 13
15 17 9
16 19 6
15 19 8
17 18 10
2
3 4
7 8
196
20
2 1 5
0
14 0 3
2
12
0 6 9
17 5 7
6
18
16 5 11
19 11 13
9 10 12
14 4 11
14 15 10
2 12 13
16 18 13
15 17 9
16 19 6
15 19 8
17 18 10
2
3 4
7 8
197
20
2 17 1
0
3 0 14
2 4 13
3 8 12
6 9 12
5 7 13
6 8 10
4 7 9
5 8 11
16 7 11
19 9 10
4 5 14
3 17 6
2 15 12
14
10
18 13 0
17
11
2
15 16
18 19
198
20
2 17 1
0
3 0 14
2 4 13
3 8 12
6 9 12
5 7 13
6 8 10
4 7 9
5 8 11
16 7 11
17 9 10
4 5 14
3 6 19
2 15 12
14
10
18 11 0
17
13
2
15 16
18 19
199
20
2 1 5
0
0 3 13
2
19
0 19 6
16 5 7
15 6 11
15 9 12
16 8 10
9 11 13
7 10 12
14 8 11
14 2 10
18 12 13
19 7 8
17 6 9
16
14
15 4 5
2
3 4
17 18
200
20
2 17 1
0
3 0 14
2 4 13
3 8 12
6 9 12
5 7 13
6 8 10
4 7 9
5 8 11
7 11 14
19 9 10
16 4 5
3 17 6
2 15 10
14
12
18 13 0
17
11
2
15 16
18 19
201
20
2 17 1
0
3 0 14
2 4 13
3 8 12
6 9 12
5 7 13
6 8 10
4 7 9
5 8 11
7 11 14
17 9 10
16 4 5
3 6 19
2 15 10
14
12
18 11 0
17
13
2
15 16
18 19
202
20
2 1 5
0
15 0 3
2
19
0 19 6
16 5 7
15 6 11
15 9 12
16 8 10
9 11 13
7 10 12
14 8 11
14 19 10
18 12 13
2 7 8
17 6 9
16
14
4 5 13
2
3 4
17 18
203
20
2 1 5
0
0 3 18
2
16
0 6 9
17 5 7
6
19
5 19 10
14 18 9
15 18 12
19 11 13
14 16 12
15 10 13
14 17 11
17 4 13
15 16 6
2 10 11
8 9 12
2
3 4
7 8
204
20
2 1 5
0
0 16 3
2
18
0 6 9
17 5 7
6
19
5 19 10
14 18 9
15 18 12
19 11 13
14 16 12
15 10 13
14 17 11
2 17 13
15 16 6
4 10 11
8 9 12
2
3 4
7 8
205
20
2 17 1
0
3 0 14
2 4 13
3 8 12
6 9 12
5 7 19
6 8 10
4 7 9
5 8 11
16 7 11
9 10 13
4 5 14
3 17 11
2 15 12
14
10
18 13 0
17
6
2
15 16
18 19
206
20
2 17 1
0
3 0 14
2 4 13
3 8 12
6 9 12
17 5 7
6 8 10
4 7 9
5 8 11
16 7 11
9 10 13
4 5 14
3 19 11
2 15 12
14
10
18 6 0
17
13
2
15 16
18 19
207
20
2 1 5
0
0 3 13
2
19
0 19 6
16 5 7
15 6 11
15 9 12
18 8 10
9 11 13
7 10 12
14 8 11
14 2 10
16 12 13
19 7 8
14 17 6
16
9
15 4 5
2
3 4
17 18
208
20
2 17 1
0
3 0 14
2 4 13
3 8 12
6 9 12
5 7 19
6 8 10
4 7 9
5 8 11
7 11 14
9 10 13
16 4 5
3 17 11
2 15 10
14
12
18 13 0
17
6
2
15 16
18 19
209
20
2 17 1
0
3 0 14
2 4 13
3 8 12
6 9 12
17 5 7
6 8 10
4 7 9
5 8 11
7 11 14
9 10 13
16 4 5
3 19 11
2 15 10
14
12
18 6 0
17
13
2
15 16
18 19
210
20
2 1 5
0
15 0 3
2
19
0 19 6
16 5 7
15 6 11
15 9 12
18 8 10
9 11 13
7 10 12
14 8 11
14 19 10
16 12 13
2 7 8
14 17 6
16
9
4 5 13
2
3 4
17 18
211
20
2 17 1
0
3 0 4
2 19 7
2 16 5
4 9 13
7 10 13
3 6 8
7 9 11
5 8 10
6 9 12
15 8 12
16 10 11
5 6 14
13
11
17 4 12
16 0 18
17
3
2
14 15
18 19
212
20
2 1 5
0
0 3 18
2
16
0 6 9
5 7 12
6
19
5 19 10
14 18 9
15 18 12
6 11 13
14 16 12
15 10 13
14 17 11
17 4 13
15 16 19
2 10 11
17 8 9
2
3 4
7 8
213
20
2 1 5
0
0 16 3
2
18
0 6 9
5 7 12
6
19
5 19 10
14 18 9
15 18 12
6 11 13
14 16 12
15 10 13
14 17 11
2 17 13
15 16 19
4 10 11
17 8 9
2
3 4
7 8
214
20
2 17 1
0
3 0 14
2 4 5
16 3 11
3 9 13
7 10 13
17 6 8
7 9 11
5 8 10
6 9 12
4 8 12
19 10 11
5 6 14
2 15 13
14
4
18 7 0
17
12
2
15 16
18 19
215
20
2 17 1
0
3 0 14
2 4 5
16 3 11
3 9 13
7 10 13
6 8 19
7 9 11
5 8 10
6 9 12
4 8 12
17 10 11
5 6 14
2 15 13
14
4
18 12 0
17
7
2
15 16
18 19
216
20
2 1 5
0
0 3 7
2
19
0 19 6
5 7 8
14 2 6
18 6 12
18 10 13
16 9 11
14 10 12
8 11 13
15 9 12
15 7 11
14 17 13
10
15
19 8 9
18 4 5
2
3 4
16 17
217
20
2 17 1
0
3 0 4
2 19 10
2 5 8
4 6 14
5
16
16 4 12
16 10 13
3 9 11
10 12 14
8 11 13
15 9 12
15 5 11
17 13 14
7 8 9
15 0 18
17
3
2
6 7
18 19
218
20
2 1 5
0
0 3 10
2
19
0 6 9
13 5 7
6
18
5 10 11
2 17 9
15 19 9
13 16 19
12 14 6
13 15 17
14 16 11
12 15 18
14 18 10
16 17 8
12 4 11
2
3 4
7 8
219
20
2 1 5
0
0 3 19
2
10
0 6 9
13 5 7
6
18
5 10 11
17 4 9
15 19 9
13 16 19
12 14 6
13 15 17
14 16 11
12 15 18
14 18 10
16 17 8
12 2 11
2
3 4
7 8
220
20
2 17 1
0
3 0 4
2 15 19
2 5 8
4 6 14
5
16
16 4 12
16 10 13
17 9 11
10 12 14
8 11 13
15 9 12
15 5 11
3 13 14
7 8 9
0 18 10
17
3
2
6 7
18 19
221
20
2 1 5
0
0 3 10
2
19
0 6 9
5 18 7
6
13
5 10 11
2 17 9
15 19 9
13 16 19
12 14 8
13 15 17
14 16 11
12 15 18
14 18 10
16 17 6
12 4 11
2
3 4
7 8
222
20
2 1 5
0
0 3 19
2
10
0 6 9
5 18 7
6
13
5 10 11
17 4 9
15 19 9
13 16 19
12 14 8
13 15 17
14 16 11
12 15 18
14 18 10
16 17 6
12 2 11
2
3 4
7 8
223
20
2 17 1
0
3 0 14
2 4 13
3 6 9
6 8 13
4 5 7
6 19 11
5 9 11
4 8 10
9 12 14
7 8 12
16 10 11
3 17 5
2 15 10
14
12
18 13 0
17
7
2
15 16
18 19
224
20
2 17 1
0
3 0 14
2 4 13
3 6 9
6 8 13
4 5 7
17 6 11
5 9 11
4 8 10
9 12 14
7 8 12
16 10 11
3 5 19
2 15 10
14
12
18 7 0
17
13
2
15 16
18 19
225
20
2 1 5
0
15 0 3
2
19
0 19 6
16 5 7
6 9 12
16 9 11
7 8 10
14 18 9
14 8 12
7 11 13
15 19 12
15 10 11
14 2 13
17 6 8
16
10
4 5 13
2
3 4
17 18
226
20
2 17 1
0
3 0 14
2 4 13
3 6 9
6 8 13
4 5 7
6 19 11
5 9 11
4 8 10
16 9 12
7 8 12
10 11 14
3 17 5
2 15 12
14
10
18 13 0
17
7
2
15 16
18 19
227
20
2 17 1
0
3 0 14
2 4 13
3 6 9
6 8 13
4 5 7
17 6 11
5 9 11
4 8 10
16 9 12
7 8 12
10 11 14
3 5 19
2 15 12
14
10
18 7 0
17
13
2
15 16
18 19
228
20
2 1 5
0
0 3 13
2
19
0 19 6
16 5 7
6 9 12
16 9 11
7 8 10
14 18 9
14 8 12
7 11 13
2 15 12
15 10 11
14 19 13
17 6 8
16
10
15 4 5
2
3 4
17 18
229
20
2 1 5
0
0 16 3
2
18
0 6 9
5 7 13
6
19
5 19 10
15 9 12
14 19 12
10 11 13
17 6 12
15 17 11
14 16 10
2 15 18
14 18 13
16 17 4
8 9 11
2
3 4
7 8
230
20
2 1 5
0
0 3 18
2
16
0 6 9
5 7 13
6
19
5 19 10
15 9 12
14 19 12
10 11 13
17 6 12
15 17 11
14 16 10
15 18 4
14 18 13
2 16 17
8 9 11
2
3 4
7 8
231
20
2 17 1
0
3 0 14
2 4 13
3 6 9
6 8 19
4 5 7
6 11 13
5 9 11
4 8 10
9 12 14
7 8 12
16 10 11
3 17 7
2 15 10
14
12
18 13 0
17
5
2
15 16
18 19
232
20
2 17 1
0
3 0 14
2 4 13
3 6 9
17 6 8
4 5 7
6 11 13
5 9 11
4 8 10
9 12 14
7 8 12
16 10 11
3 7 19
2 15 10
14
12
5 18 0
17
13
2
15 16
18 19
233
20
2 1 5
0
15 0 3
2
19
0 19 6
16 5 7
6 9 12
18 9 11
7 8 10
14 16 9
14 8 12
7 11 13
15 19 12
15 10 11
14 2 13
17 6 10
16
8
4 5 13
2
3 4
17 18
234
20
2 17 1
0
3 0 14
2 4 13
3 6 9
6 8 19
4 5 7
6 11 13
5 9 11
4 8 10
16 9 12
7 8 12
10 11 14
3 17 7
2 15 12
14
10
18 13 0
17
5
2
15 16
18 19
235
20
2 17 1
0
3 0 14
2 4 13
3 6 9
17 6 8
4 5 7
6 11 13
5 9 11
4 8 10
16 9 12
7 8 12
10 11 14
3 7 19
2 15 12
14
10
5 18 0
17
13
2
15 16
18 19
236
20
2 1 5
0
0 3 13
2
19
0 19 6
16 5 7
6 9 12
18 9 11
7 8 10
14 16 9
14 8 12
7 11 13
2 15 12
15 10 11
14 19 13
17 6 10
16
8
15 4 5
2
3 4
17 18
237
20
2 17 1
0
3 0 4
2 6 19
2 16 5
4 7 10
3 7 9
5 6 8
16 7 12
6 10 12
5 9 11
10 13 14
8 9 13
15 11 12
11
13
17 4 8
16 0 18
17
3
2
14 15
18 19
238
20
2 1 5
0
0 16 3
2
18
0 6 9
5 7 11
6
19
5 19 10
15 9 12
14 6 12
10 11 13
17 19 12
15 17 11
14 16 10
2 15 18
14 18 13
16 17 4
8 9 13
2
3 4
7 8
239
20
2 1 5
0
0 3 18
2
16
0 6 9
5 7 11
6
19
5 19 10
15 9 12
14 6 12
10 11 13
17 19 12
15 17 11
14 16 10
15 18 4
14 18 13
2 16 17
8 9 13
2
3 4
7 8
240
20
2 17 1
0
3 0 14
2 4 5
16 3 13
3 7 10
17 7 9
5 6 8
7 19 12
6 10 12
5 9 11
10 13 14
8 9 13
4 11 12
2 15 11
14
4
18 6 0
17
8
2
15 16
18 19
241
20
2 17 1
0
3 0 14
2 4 5
16 3 13
3 7 10
7 19 9
5 6 8
17 7 12
6 10 12
5 9 11
10 13 14
8 9 13
4 11 12
2 15 11
14
4
18 8 0
17
6
2
15 16
18 19
242
20
2 1 5
0
0 3 7
2
19
0 19 6
5 7 8
2 18 6
15 6 10
14 10 12
8 9 11
17 10 13
9
11
15 17 9
14 16 8
15 18 19
14 18 11
16 17 7
16 4 5
2
3 4
12 13
243
20
2 17 1
0
3 0 4
2 19 9
2 5 8
16 4 6
5
14
4 10 13
3 10 12
8 9 11
15 17 10
15 9 13
8 12 14
16 7 13
16 11 12
15 5 14
0 18 11
17
3
2
6 7
18 19
244
20
2 1 5
0
0 3 10
2
17
0 6 9
12 5 7
6
14
5 10 11
2 19 9
13 16 9
13 15 6
12 14 11
13 18 8
12 16 18
15 17 11
16 4 19
14 15 19
17 18 10
2
3 4
7 8
245
20
2 1 5
0
0 3 17
2
10
0 6 9
12 5 7
6
14
5 10 11
4 19 9
13 16 9
13 15 6
12 14 11
13 18 8
12 16 18
15 17 11
2 16 19
14 15 19
17 18 10
2
3 4
7 8
246
20
2 17 1
0
3 0 4
2 19 11
2 5 8
16 4 6
5
14
4 10 13
17 10 12
8 9 11
15 3 10
15 9 13
8 12 14
16 7 13
16 11 12
15 5 14
0 18 9
17
3
2
6 7
18 19
247
20
2 1 5
0
0 3 10
2
17
0 6 9
14 5 7
6
12
5 10 11
2 19 9
13 16 9
13 15 8
12 14 11
13 18 6
12 16 18
15 17 11
16 4 19
14 15 19
17 18 10
2
3 4
7 8
248
20
2 1 5
0
0 3 17
2
10
0 6 9
14 5 7
6
12
5 10 11
4 19 9
13 16 9
13 15 8
12 14 11
13 18 6
12 16 18
15 17 11
2 16 19
14 15 19
17 18 10
2
3 4
7 8
249
20
2 17 1
0
3 0 14
2 4 13
3 6 9
6 8 13
4 5 7
17 6 12
5 9 11
4 8 10
16 9 12
8 12 14
7 10 11
3 5 19
2 15 11
14
10
18 7 0
17
13
2
15 16
18 19
250
20
2 1 5
0
0 3 13
2
19
0 19 6
16 5 7
6 9 12
16 9 11
7 8 10
15 18 9
14 8 12
7 11 13
2 15 12
15 19 11
14 10 13
17 6 8
16
10
14 4 5
2
3 4
17 18
251
20
2 17 1
0
3 0 14
2 4 13
3 6 9
6 8 13
4 5 7
17 6 12
5 9 11
4 8 10
9 12 14
16 8 12
7 10 11
3 5 19
2 15 10
14
11
18 7 0
17
13
2
15 16
18 19
252
20
2 1 5
0
14 0 3
2
19
0 19 6
16 5 7
6 9 12
16 9 11
7 8 10
15 18 9
14 8 12
7 11 13
15 19 12
2 15 11
14 10 13
17 6 8
16
10
4 5 13
2
3 4
17 18
253
20
2 17 1
0
3 0 4
2 19 8
2 16 5
4 7 10
16 7 9
5 6 8
3 7 13
6 10 12
5 9 11
15 10 13
9 13 14
8 11 12
12
11
17 4 6
16 0 18
17
3
2
14 15
18 19
254
20
2 1 5
0
0 3 17
2
16
0 6 9
5 7 13
6
19
5 19 10
15 9 12
14 19 12
10 11 13
18 6 12
15 17 11
14 16 10
15 18 4
14 2 18
16 17 13
8 9 11
2
3 4
7 8
255
20
2 1 5
0
0 16 3
2
17
0 6 9
5 7 13
6
19
5 19 10
15 9 12
14 19 12
10 11 13
18 6 12
15 17 11
14 16 10
2 15 18
14 18 4
16 17 13
8 9 11
2
3 4
7 8
256
20
2 17 1
0
3 0 14
2 4 13
3 6 9
6 8 19
4 5 7
6 12 13
5 9 11
4 8 10
16 9 12
8 12 14
7 10 11
3 17 7
2 15 11
14
10
18 13 0
17
5
2
15 16
18 19
257
20
2 17 1
0
3 0 14
2 4 13
3 6 9
17 6 8
4 5 7
6 12 13
5 9 11
4 8 10
16 9 12
8 12 14
7 10 11
3 7 19
2 15 11
14
10
5 18 0
17
13
2
15 16
18 19
258
20
2 1 5
0
0 3 13
2
19
0 19 6
16 5 7
6 9 12
18 9 11
7 8 10
15 16 9
14 8 12
7 11 13
2 15 12
15 19 11
14 10 13
17 6 10
16
8
14 4 5
2
3 4
17 18
259
20
2 17 1
0
3 0 14
2 4 13
3 6 9
6 8 19
4 5 7
6 12 13
5 9 11
4 8 10
9 12 14
16 8 12
7 10 11
3 17 7
2 15 10
14
11
18 13 0
17
5
2
15 16
18 19
260
20
2 17 1
0
3 0 14
2 4 13
3 6 9
17 6 8
4 5 7
6 12 13
5 9 11
4 8 10
9 12 14
16 8 12
7 10 11
3 7 19
2 15 10
14
11
5 18 0
17
13
2
15 16
18 19
261
20
2 1 5
0
14 0 3
2
19
0 19 6
16 5 7
6 9 12
18 9 11
7 8 10
15 16 9
14 8 12
7 11 13
15 19 12
2 15 11
14 10 13
17 6 10
16
8
4 5 13
2
3 4
17 18
262
20
2 1 5
0
0 3 17
2
16
0 6 9
5 7 11
6
19
5 19 10
15 9 12
14 6 12
10 11 13
18 19 12
15 17 11
14 16 10
15 18 4
14 2 18
16 17 13
8 9 13
2
3 4
7 8
263
20
2 1 5
0
0 16 3
2
17
0 6 9
5 7 11
6
19
5 19 10
15 9 12
14 6 12
10 11 13
18 19 12
15 17 11
14 16 10
2 15 18
14 18 4
16 17 13
8 9 13
2
3 4
7 8
264
20
2 17 1
0
3 0 14
2 4 5
16 3 12
3 7 10
17 7 9
5 6 8
7 19 13
6 10 12
5 9 11
10 13 14
4 9 13
8 11 12
2 15 11
14
4
18 6 0
17
8
2
15 16
18 19
265
20
2 17 1
0
3 0 14
2 4 5
16 3 12
3 7 10
7 19 9
5 6 8
17 7 13
6 10 12
5 9 11
10 13 14
4 9 13
8 11 12
2 15 11
14
4
18 8 0
17
6
2
15 16
18 19
266
20
2 1 5
0
0 3 7
2
19
0 19 6
5 7 8
2 17 6
15 6 10
14 10 12
8 9 11
18 10 13
9
11
15 17 9
14 16 8
15 18 19
14 18 7
16 17 11
16 4 5
2
3 4
12 13
267
20
2 17 1
0
3 0 4
2 19 9
2 5 8
15 4 6
5
14
4 10 13
3 10 12
8 9 11
16 17 10
15 9 13
8 12 14
16 7 13
16 5 12
15 11 14
0 18 11
17
3
2
6 7
18 19
268
20
2 1 5
0
0 3 10
2
17
0 6 9
12 5 7
6
14
5 10 11
2 18 9
13 16 9
13 15 6
12 14 11
13 19 8
12 16 18
15 17 11
16 4 19
15 19 10
14 17 18
2
3 4
7 8
269
20
2 1 5
0
0 3 17
2
10
0 6 9
12 5 7
6
14
5 10 11
4 18 9
13 16 9
13 15 6
12 14 11
13 19 8
12 16 18
15 17 11
2 16 19
15 19 10
14 17 18
2
3 4
7 8
270
20
2 17 1
0
3 0 4
2 19 11
2 5 8
15 4 6
5
14
4 10 13
17 10 12
8 9 11
16 3 10
15 9 13
8 12 14
16 7 13
16 5 12
15 11 14
0 18 9
17
3
2
6 7
18 19
271
20
2 1 5
0
0 3 10
2
17
0 6 9
14 5 7
6
12
5 10 11
2 18 9
13 16 9
13 15 8
12 14 11
13 19 6
12 16 18
15 17 11
16 4 19
15 19 10
14 17 18
2
3 4
7 8
272
20
2 1 5
0
0 3 17
2
10
0 6 9
14 5 7
6
12
5 10 11
4 18 9
13 16 9
13 15 8
12 14 11
13 19 6
12 16 18
15 17 11
2 16 19
15 19 10
14 17 18
2
3 4
7 8
273
20
2 17 1
0
3 0 14
2 4 5
16 3 11
3 7 10
17 7 9
5 6 8
7 19 13
6 10 12
5 9 11
4 10 13
9 13 14
8 11 12
2 15 12
14
4
18 6 0
17
8
2
15 16
18 19
274
20
2 17 1
0
3 0 14
2 4 5
16 3 11
3 7 10
7 19 9
5 6 8
17 7 13
6 10 12
5 9 11
4 10 13
9 13 14
8 11 12
2 15 12
14
4
18 8 0
17
6
2
15 16
18 19
275
20
2 1 5
0
0 3 7
2
19
0 19 6
5 7 8
2 16 6
15 6 10
14 10 12
8 9 11
18 10 13
9
11
15 17 9
14 16 8
15 18 7
14 18 19
16 17 11
17 4 5
2
3 4
12 13
276
20
2 17 1
0
3 0 4
2 19 9
2 5 8
4 6 14
5
15
4 10 13
3 10 12
8 9 11
16 17 10
15 9 13
8 12 14
16 5 13
16 7 12
15 11 14
0 18 11
17
3
2
6 7
18 19
277
20
2 1 5
0
0 3 10
2
18
0 6 9
12 5 7
6
14
5 10 11
2 17 9
13 16 9
13 15 6
12 14 11
13 19 8
12 16 18
15 17 11
16 19 10
15 4 19
14 17 18
2
3 4
7 8
278
20
2 1 5
0
0 3 18
2
10
0 6 9
12 5 7
6
14
5 10 11
17 4 9
13 16 9
13 15 6
12 14 11
13 19 8
12 16 18
15 17 11
16 19 10
2 15 19
14 17 18
2
3 4
7 8
279
20
2 17 1
0
3 0 4
2 19 11
2 5 8
4 6 14
5
15
4 10 13
17 10 12
8 9 11
16 3 10
15 9 13
8 12 14
16 5 13
16 7 12
15 11 14
0 18 9
17
3
2
6 7
18 19
280
20
2 1 5
0
0 3 10
2
18
0 6 9
14 5 7
6
12
5 10 11
2 17 9
13 16 9
13 15 8
12 14 11
13 19 6
12 16 18
15 17 11
16 19 10
15 4 19
14 17 18
2
3 4
7 8
281
20
2 1 5
0
0 3 18
2
10
0 6 9
14 5 7
6
12
5 10 11
17 4 9
13 16 9
13 15 8
12 14 11
13 19 6
12 16 18
15 17 11
16 19 10
2 15 19
14 17 18
2
3 4
7 8
