1
1
60
4 9 29
15 3 34
16 32 3
1 2 18
0 6 7
19 7 8
4 20 8
4 5 21
5 6 22
0 11 12
23 12 13
24 9 13
9 25 10
10 11 14
15 25 13
1 16 14
15 2 17
16 18 36
17 3 19
18 20 5
19 21 6
20 22 7
21 23 8
22 24 10
23 25 11
24 12 14
27 28 29
30 56 26
31 32 26
0 33 26
32 33 27
33 58 28
30 2 28
30 31 29
1 35 37
34 36 59
17 35 44
34 38 42
37 39 40
38 43 45
38 41 44
47 40 42
37 41 43
39 42 44
36 40 43
46 48 39
47 59 45
46 55 41
49 53 45
48 50 51
49 54 56
49 52 55
51 53 58
48 52 54
50 53 55
47 51 54
50 57 27
56 58 59
31 52 57
46 35 57
