1
1
{ Zovseobecneny double star snark DS6(1,2) }
{ cc=3, odd=4, res=? }
54
12 15 18
13 16 19
14 17 20
9 15 21
10 16 22
11 17 23
9 12 24
10 13 25
11 14 26
3 6 18
4 7 19
5 8 20
0 6 21
1 7 22
2 8 23
0 3 24
1 4 25
2 5 26
0 9 27
1 10 28
2 11 29
3 12 30
4 13 31
5 14 32
6 15 33
7 16 34
8 17 35
18 36 45
19 37 46
20 38 47
21 39 48
22 40 49
23 41 50
24 42 51
25 43 52
26 44 53
27 47 53
28 45 48
29 46 49
30 47 50
31 48 51
32 49 52
33 50 53
34 45 51
35 46 52
27 37 43
28 38 44
29 36 39
30 37 40
31 38 41
32 39 42
33 40 43
34 41 44
35 36 42