1
1
{ Superposition of the 6-cycle of PS.10 with the (3,3)-pole from J5.20 }
{ Cyclically 6-connected ???}
118
1 2 3
0 4 61
0 23 80
0 42 99
1 110 5
4 6 7
5 10 17
5 8 19
7 9 11
8 10 21
6 9 13
8 12 16
11 13 22
10 12 14
13 19 40
20 22 23
11 17 39
6 16 18
17 19 20
7 14 18
111 15 18
109 9 22
12 15 21
2 15 24
23 25 26
24 29 36
24 27 38
26 28 30
27 29 40
25 28 32
27 31 35
30 32 41
29 31 33
32 38 59
39 41 42
30 36 58
25 35 37
36 38 39
26 33 37
16 34 37
14 28 41
31 34 40
3 34 43
42 44 45
43 48 55
43 46 57
45 47 49
46 48 59
44 47 51
46 50 54
49 51 60
48 50 52
51 57 78
58 60 61
49 55 77
44 54 56
55 57 58
45 52 56
35 53 56
33 47 60
50 53 59
1 53 62
61 63 64
62 67 74
62 65 76
64 66 68
65 67 78
63 66 70
65 69 73
68 70 79
67 69 71
70 76 97
77 79 80
68 74 96
63 73 75
74 76 77
64 71 75
54 72 75
52 66 79
69 72 78
2 72 81
80 82 83
81 86 93
81 84 95
83 85 87
84 86 97
82 85 89
84 88 92
87 89 98
86 88 90
89 95 116
96 98 99
87 93 115
82 92 94
93 95 96
83 90 94
73 91 94
71 85 98
88 91 97
3 91 100
99 101 102
100 105 112
100 103 114
102 104 106
103 105 116
101 104 108
103 107 111
106 108 117
105 107 109
108 114 21
115 117 4
106 112 20
101 111 113
112 114 115
102 109 113
92 110 113
90 104 117
107 110 116
