22-03-2018  17:31:49,456 :  Start test component: 5FLOWE3A.34
22-03-2018  20:31:52,735 :  Graph 5FLOWE3A.34 has 6 transitions
edge vertices are (0, 28, 34, 35)
	1, 1, 0, 0
	1, 1, 1, 1
	1, 1, 2, 2
	1, 1, 3, 3
	1, 1, 4, 4
	1, 1, 5, 5
	1, 1, 6, 6
	1, 1, 7, 7
	1, 1, 8, 8
	1, 1, 9, 9
	1, 3, 1, 3
	1, 3, 2, 7
	1, 3, 3, 1
	1, 3, 6, 8
	1, 3, 7, 2
	1, 3, 8, 6
	1, 7, 0, 5
	1, 7, 1, 7
	1, 7, 2, 3
	1, 7, 3, 2
	1, 7, 5, 0
	1, 7, 7, 1
	3, 1, 1, 3
	3, 1, 2, 7
	3, 1, 3, 1
	3, 1, 6, 8
	3, 1, 7, 2
	3, 1, 8, 6
	3, 6, 1, 8
	3, 6, 4, 5
	3, 6, 5, 4
	3, 6, 8, 1
	6, 3, 1, 8
	6, 3, 4, 5
	6, 3, 5, 4
	6, 3, 8, 1
	7, 1, 0, 5
	7, 1, 1, 7
	7, 1, 2, 3
	7, 1, 3, 2
	7, 1, 5, 0
	7, 1, 7, 1
edge vertices are (0, 28, 34, 35)
	Altitude, Altitude
	Angle, Angle
	Angle, Edge
	Axis, Axis
	MidPoint, CornerPoint
	MidPoint, MidPoint

