44
1
106
16 2 27
3 49 2
0 1 38
4 1 60
3 5 71
82 4 6
104 5 93
8 12 103
10 7 9
8 13 15
8 14 11
10 12 17
13 7 11
12 14 9
10 13 105
16 18 9
0 15 17
25 16 11
19 15 23
20 18 21
19 26 24
19 25 22
28 21 23
22 18 24
20 25 23
21 24 17
20 29 27
0 28 26
22 27 36
30 34 26
31 29 32
30 35 37
30 33 36
34 39 32
35 29 33
31 34 36
28 35 32
31 40 38
37 39 2
47 33 38
41 37 45
42 40 43
41 48 46
47 44 41
50 45 43
44 40 46
47 42 45
39 43 46
42 51 49
50 1 48
44 49 58
52 48 56
51 54 53
57 52 59
52 55 58
61 56 54
57 51 55
56 58 53
57 50 54
60 62 53
61 3 59
69 60 55
63 67 59
64 62 65
63 70 68
63 69 66
72 67 65
66 62 68
69 67 64
61 68 65
73 64 71
72 4 70
66 80 71
74 70 78
75 73 76
81 74 79
74 77 80
83 76 78
77 73 79
75 80 78
72 76 79
84 82 75
81 5 83
82 77 91
81 85 89
87 84 86
85 90 92
88 85 91
87 89 94
84 88 90
86 89 91
87 90 83
86 95 93
92 6 94
88 102 93
100 92 96
97 95 98
101 96 103
99 96 102
100 105 98
101 95 99
100 97 102
101 94 98
104 97 7
105 6 103
104 99 14
2
106
16 2 27
3 49 2
0 1 38
4 1 60
3 71 6
82 6 93
104 4 5
8 12 103
10 7 9
8 13 15
8 14 11
10 12 17
13 7 11
12 9 14
10 13 105
16 18 9
0 15 17
25 16 11
19 15 23
20 18 21
19 26 24
19 25 22
28 21 23
22 18 24
20 25 23
21 24 17
20 29 27
0 28 26
22 27 36
30 34 26
31 29 32
30 35 37
30 33 36
34 39 32
35 29 33
31 34 36
28 35 32
31 40 38
39 37 2
47 33 38
41 37 45
42 40 43
41 48 46
47 44 41
50 43 45
44 40 46
47 42 45
39 43 46
42 51 49
50 48 1
44 49 58
52 48 56
51 54 53
57 52 59
52 55 58
61 56 54
57 51 55
56 58 53
57 50 54
60 62 53
61 3 59
69 60 55
63 67 59
64 62 65
63 70 68
63 69 66
72 67 65
66 62 68
69 67 64
61 68 65
73 64 71
72 4 70
66 80 71
74 70 78
75 73 76
81 74 79
74 77 80
83 76 78
77 73 79
75 80 78
72 76 79
84 82 75
81 5 83
82 77 91
81 85 89
87 84 86
85 92 90
88 85 91
94 87 89
84 88 90
86 89 91
87 90 83
86 95 93
94 5 92
88 102 93
100 92 96
97 95 98
101 96 103
99 96 102
100 105 98
101 95 99
100 97 102
94 101 98
104 97 7
105 6 103
104 99 14
3
106
16 2 27
3 49 2
0 1 38
1 60 6
82 6 71
104 6 93
3 4 5
8 12 103
10 7 9
8 13 15
8 14 11
10 12 17
13 7 11
12 14 9
10 13 105
16 18 9
0 15 17
25 16 11
19 15 23
20 21 18
19 26 24
19 25 22
28 21 23
22 18 24
20 25 23
21 24 17
20 29 27
0 28 26
22 27 36
34 30 26
31 29 32
30 35 37
30 33 36
34 39 32
35 29 33
34 31 36
28 35 32
31 38 40
37 39 2
33 38 47
41 37 45
42 40 43
41 48 46
44 41 47
50 45 43
44 40 46
42 45 47
39 43 46
42 51 49
50 1 48
44 49 58
52 48 56
51 54 53
57 52 59
52 55 58
61 56 54
57 51 55
56 58 53
50 57 54
60 62 53
61 3 59
69 60 55
63 67 59
64 62 65
63 70 68
63 69 66
72 67 65
66 62 68
69 67 64
61 68 65
73 64 71
72 70 4
80 66 71
70 74 78
75 73 76
81 74 79
74 77 80
83 76 78
77 73 79
80 75 78
72 76 79
84 82 75
81 4 83
82 77 91
81 85 89
87 84 86
90 85 92
88 85 91
87 89 94
84 88 90
86 89 91
87 90 83
86 95 93
92 5 94
88 102 93
100 92 96
97 95 98
101 96 103
99 96 102
100 105 98
101 95 99
100 97 102
101 94 98
104 97 7
105 5 103
104 14 99
4
106
16 2 27
3 49 2
0 1 38
1 60 5
82 6 71
104 3 6
4 5 93
8 12 103
10 7 9
8 13 15
8 14 11
10 12 17
13 7 11
12 14 9
10 13 105
16 18 9
0 15 17
25 16 11
19 15 23
20 18 21
19 26 24
19 25 22
28 21 23
22 18 24
20 25 23
21 24 17
20 29 27
0 28 26
22 27 36
30 34 26
31 29 32
30 35 37
30 33 36
34 39 32
35 29 33
31 34 36
28 35 32
31 38 40
37 39 2
47 33 38
41 37 45
42 43 40
41 48 46
47 44 41
50 43 45
44 40 46
47 42 45
39 43 46
42 51 49
50 1 48
44 49 58
52 48 56
51 54 53
57 52 59
52 55 58
61 56 54
57 51 55
56 58 53
57 50 54
60 62 53
61 3 59
69 60 55
63 67 59
64 62 65
63 70 68
63 69 66
72 67 65
66 62 68
69 67 64
61 68 65
73 64 71
72 4 70
66 80 71
74 70 78
75 73 76
81 74 79
74 77 80
83 76 78
77 73 79
75 80 78
72 76 79
84 82 75
81 4 83
82 77 91
81 85 89
87 84 86
85 90 92
88 85 91
87 89 94
84 88 90
86 89 91
87 90 83
86 95 93
92 6 94
88 102 93
100 92 96
97 95 98
101 96 103
99 96 102
100 105 98
101 95 99
100 97 102
101 94 98
104 97 7
105 5 103
104 99 14
5
106
16 2 27
3 49 2
0 1 38
1 60 5
82 6 93
104 3 6
4 71 5
8 12 103
10 7 9
8 13 15
8 14 11
10 12 17
13 7 11
12 14 9
10 13 105
16 18 9
0 15 17
25 16 11
19 15 23
20 18 21
19 26 24
19 25 22
28 21 23
22 18 24
20 25 23
21 24 17
20 29 27
0 28 26
22 27 36
30 34 26
31 29 32
30 35 37
30 33 36
34 39 32
35 29 33
31 34 36
28 35 32
31 38 40
37 39 2
47 33 38
41 37 45
42 43 40
41 48 46
47 44 41
50 43 45
44 40 46
47 42 45
39 43 46
42 51 49
50 1 48
44 49 58
52 48 56
51 54 53
57 52 59
52 55 58
61 56 54
57 51 55
56 58 53
57 50 54
60 62 53
61 3 59
69 60 55
63 67 59
64 62 65
63 70 68
63 69 66
72 67 65
66 62 68
69 67 64
61 68 65
73 64 71
72 70 6
66 80 71
74 70 78
75 73 76
81 74 79
74 77 80
83 76 78
77 73 79
75 80 78
72 76 79
84 82 75
81 4 83
82 77 91
81 85 89
87 84 86
85 90 92
88 85 91
87 89 94
84 88 90
86 89 91
87 90 83
86 95 93
4 92 94
88 102 93
100 92 96
97 95 98
101 96 103
99 96 102
100 105 98
101 95 99
100 97 102
101 94 98
104 97 7
105 5 103
104 99 14
6
106
16 2 27
5 49 2
0 1 38
5 60 71
82 5 6
3 4 1
93 104 4
8 12 103
10 7 9
8 13 15
8 14 11
10 12 17
13 7 11
12 9 14
10 13 105
16 18 9
0 15 17
25 16 11
19 15 23
20 18 21
19 26 24
19 25 22
28 21 23
22 18 24
20 25 23
21 24 17
20 29 27
0 28 26
22 27 36
30 34 26
31 29 32
30 35 37
30 33 36
34 39 32
35 29 33
31 34 36
28 35 32
31 40 38
37 39 2
47 33 38
41 37 45
42 40 43
46 41 48
47 44 41
50 45 43
46 44 40
47 42 45
46 39 43
42 51 49
50 1 48
44 49 58
52 48 56
51 54 53
57 52 59
52 55 58
61 56 54
57 51 55
56 58 53
57 50 54
60 62 53
61 3 59
69 60 55
63 67 59
65 64 62
63 70 68
63 69 66
65 72 67
66 62 68
69 67 64
65 61 68
73 64 71
72 3 70
66 80 71
74 70 78
75 73 76
81 74 79
74 77 80
83 76 78
77 73 79
75 80 78
72 76 79
82 84 75
81 4 83
91 82 77
81 85 89
87 84 86
85 90 92
91 88 85
94 87 89
84 88 90
91 86 89
87 90 83
93 86 95
94 92 6
93 88 102
100 92 96
97 95 98
101 96 103
99 96 102
100 105 98
101 95 99
100 97 102
94 101 98
104 97 7
105 6 103
104 99 14
7
106
16 2 27
5 49 2
0 1 38
5 60 71
82 6 93
3 1 6
104 4 5
8 12 103
10 7 9
8 13 15
8 14 11
10 12 17
13 7 11
12 9 14
10 13 105
16 18 9
0 15 17
25 16 11
19 15 23
20 18 21
19 26 24
19 25 22
28 21 23
22 18 24
20 25 23
21 24 17
20 29 27
0 28 26
22 27 36
30 34 26
31 29 32
30 35 37
30 33 36
34 39 32
35 29 33
31 34 36
28 35 32
31 40 38
39 37 2
47 33 38
41 37 45
42 40 43
41 48 46
47 44 41
50 43 45
44 40 46
47 42 45
39 43 46
42 51 49
50 48 1
44 49 58
52 48 56
51 54 53
57 52 59
52 55 58
61 56 54
57 51 55
56 58 53
57 50 54
60 62 53
61 3 59
69 60 55
63 67 59
64 62 65
63 70 68
63 69 66
72 67 65
66 62 68
69 67 64
61 68 65
73 64 71
72 3 70
66 80 71
74 70 78
75 73 76
81 74 79
74 77 80
83 76 78
77 73 79
75 80 78
72 76 79
84 82 75
81 4 83
82 77 91
81 85 89
87 84 86
85 92 90
88 85 91
94 87 89
84 88 90
86 89 91
87 90 83
86 95 93
94 4 92
88 102 93
100 92 96
97 95 98
101 96 103
99 96 102
100 105 98
101 95 99
100 97 102
94 101 98
104 97 7
105 6 103
104 99 14
8
106
16 2 27
5 49 2
0 1 38
6 60 71
93 104 5
1 6 4
82 3 5
8 12 103
10 7 9
8 13 15
8 14 11
10 12 17
13 7 11
12 14 9
10 13 105
16 18 9
0 15 17
25 16 11
19 15 23
20 18 21
19 26 24
19 25 22
28 21 23
22 18 24
20 25 23
21 24 17
20 29 27
0 28 26
22 27 36
34 30 26
31 29 32
30 35 37
30 33 36
34 39 32
35 29 33
34 31 36
28 35 32
31 38 40
37 39 2
47 33 38
41 37 45
42 40 43
46 41 48
47 44 41
50 45 43
46 44 40
47 42 45
46 39 43
42 51 49
50 1 48
44 49 58
52 48 56
51 54 53
57 52 59
52 55 58
61 56 54
57 51 55
56 58 53
57 50 54
60 62 53
61 3 59
69 60 55
63 67 59
65 64 62
63 70 68
63 69 66
65 72 67
66 62 68
69 67 64
65 61 68
73 64 71
72 3 70
80 66 71
74 70 78
75 73 76
81 74 79
74 77 80
83 76 78
77 73 79
80 75 78
72 76 79
82 84 75
81 6 83
91 82 77
81 85 89
87 84 86
90 85 92
91 88 85
87 89 94
84 88 90
91 86 89
87 90 83
93 86 95
92 4 94
93 88 102
100 92 96
97 95 98
101 96 103
99 96 102
100 105 98
101 95 99
100 97 102
101 94 98
104 97 7
105 4 103
104 14 99
9
106
16 2 27
49 2 4
0 1 38
6 60 71
104 1 6
93 82 6
3 5 4
8 12 103
10 7 9
8 13 15
8 14 11
10 12 17
13 7 11
12 14 9
10 13 105
16 18 9
0 15 17
25 16 11
19 15 23
20 18 21
19 26 24
19 25 22
28 21 23
22 18 24
20 25 23
21 24 17
20 29 27
0 28 26
22 27 36
34 30 26
31 29 32
30 35 37
30 33 36
34 39 32
35 29 33
34 31 36
28 35 32
31 38 40
39 2 37
47 33 38
41 37 45
42 43 40
46 41 48
47 44 41
50 43 45
46 44 40
47 42 45
46 39 43
42 51 49
50 1 48
44 49 58
52 48 56
51 54 53
57 52 59
52 55 58
61 56 54
57 51 55
56 58 53
57 50 54
60 62 53
61 3 59
69 60 55
63 67 59
65 64 62
63 70 68
63 69 66
65 72 67
66 62 68
69 67 64
65 61 68
73 64 71
72 3 70
80 66 71
74 70 78
75 73 76
81 74 79
74 77 80
83 76 78
77 73 79
80 75 78
72 76 79
82 84 75
81 5 83
91 82 77
81 85 89
87 84 86
90 85 92
91 88 85
87 89 94
84 88 90
91 86 89
87 90 83
93 86 95
5 92 94
93 88 102
100 92 96
97 95 98
101 96 103
99 96 102
100 105 98
101 95 99
100 97 102
101 94 98
104 97 7
105 4 103
104 14 99
10
106
16 2 27
5 49 2
0 1 38
82 6 71
93 104 5
1 6 4
3 5 60
8 12 103
10 7 9
8 13 15
8 14 11
10 12 17
13 7 11
12 14 9
10 13 105
16 18 9
0 15 17
25 16 11
19 15 23
20 18 21
19 26 24
19 25 22
28 21 23
22 18 24
20 25 23
21 24 17
20 29 27
0 28 26
22 27 36
34 30 26
31 29 32
30 35 37
30 33 36
34 39 32
35 29 33
34 31 36
28 35 32
31 38 40
37 39 2
47 33 38
41 37 45
42 40 43
46 41 48
47 44 41
50 45 43
46 44 40
47 42 45
46 39 43
42 51 49
50 1 48
44 49 58
52 48 56
51 54 53
57 52 59
52 55 58
61 56 54
57 51 55
56 58 53
57 50 54
60 62 53
61 6 59
69 60 55
63 67 59
65 64 62
63 70 68
63 69 66
65 72 67
66 62 68
69 67 64
65 61 68
73 64 71
72 3 70
80 66 71
74 70 78
75 73 76
81 74 79
74 77 80
83 76 78
77 73 79
80 75 78
72 76 79
82 84 75
81 3 83
91 82 77
81 85 89
87 84 86
90 85 92
91 88 85
87 89 94
84 88 90
91 86 89
87 90 83
93 86 95
92 4 94
93 88 102
100 92 96
97 95 98
101 96 103
99 96 102
100 105 98
101 95 99
100 97 102
101 94 98
104 97 7
105 4 103
104 14 99
11
106
16 2 27
49 2 6
0 1 38
82 5 71
93 5 6
3 4 60
104 4 1
8 12 103
10 7 9
8 13 15
8 14 11
10 12 17
13 7 11
12 9 14
10 13 105
16 18 9
0 15 17
25 16 11
19 15 23
20 18 21
19 26 24
19 25 22
28 21 23
22 18 24
20 25 23
21 24 17
20 29 27
0 28 26
22 27 36
30 34 26
31 29 32
30 35 37
30 33 36
34 39 32
35 29 33
31 34 36
28 35 32
31 38 40
37 39 2
47 33 38
41 37 45
42 43 40
46 41 48
47 44 41
50 43 45
46 44 40
47 42 45
46 39 43
42 51 49
50 1 48
44 49 58
52 48 56
51 54 53
57 52 59
52 55 58
61 56 54
57 51 55
56 58 53
57 50 54
60 62 53
61 5 59
69 60 55
63 67 59
65 64 62
63 70 68
63 69 66
65 72 67
66 62 68
69 67 64
65 61 68
73 64 71
72 3 70
66 80 71
74 70 78
75 73 76
81 74 79
74 77 80
83 76 78
77 73 79
75 80 78
72 76 79
82 84 75
81 3 83
91 82 77
81 85 89
87 84 86
85 90 92
91 88 85
94 87 89
84 88 90
91 86 89
87 90 83
93 86 95
94 4 92
93 88 102
100 92 96
97 95 98
101 96 103
99 96 102
100 105 98
101 95 99
100 97 102
94 101 98
104 97 7
105 6 103
104 99 14
12
106
16 2 27
49 2 6
0 1 38
82 5 71
5 60 6
93 3 4
104 4 1
8 12 103
10 7 9
8 13 15
8 14 11
10 12 17
13 7 11
12 9 14
10 13 105
16 18 9
0 15 17
25 16 11
19 15 23
20 18 21
19 26 24
19 25 22
28 21 23
22 18 24
20 25 23
21 24 17
20 29 27
0 28 26
22 27 36
30 34 26
31 29 32
30 35 37
30 33 36
34 39 32
35 29 33
31 34 36
28 35 32
31 38 40
37 39 2
47 33 38
41 37 45
42 43 40
46 41 48
47 44 41
50 43 45
46 44 40
47 42 45
46 39 43
42 51 49
50 1 48
44 49 58
52 56 48
51 54 53
57 52 59
52 55 58
61 56 54
57 51 55
56 58 53
57 50 54
60 62 53
61 4 59
69 60 55
63 67 59
65 64 62
63 70 68
63 69 66
65 72 67
66 62 68
69 67 64
65 61 68
73 64 71
72 3 70
66 80 71
74 70 78
75 73 76
81 74 79
74 77 80
83 76 78
77 73 79
75 80 78
72 76 79
82 84 75
81 3 83
91 82 77
81 85 89
87 84 86
85 90 92
91 88 85
94 87 89
84 88 90
91 86 89
87 90 83
93 86 95
94 5 92
93 88 102
100 92 96
97 95 98
101 96 103
99 96 102
100 105 98
101 95 99
100 97 102
94 101 98
104 97 7
105 6 103
104 99 14
13
106
16 2 27
49 2 6
0 1 38
93 82 5
5 60 6
3 4 71
104 4 1
8 12 103
10 7 9
8 13 15
8 14 11
10 12 17
13 7 11
12 9 14
10 13 105
16 18 9
0 15 17
25 16 11
19 15 23
20 18 21
19 26 24
19 25 22
28 21 23
22 18 24
20 25 23
21 24 17
20 29 27
0 28 26
22 27 36
30 34 26
31 29 32
30 35 37
30 33 36
34 39 32
35 29 33
31 34 36
28 35 32
31 38 40
37 39 2
47 33 38
41 37 45
42 43 40
46 41 48
47 44 41
50 43 45
46 44 40
47 42 45
46 39 43
42 51 49
50 1 48
44 49 58
52 56 48
51 54 53
57 52 59
52 55 58
61 56 54
57 51 55
56 58 53
57 50 54
60 62 53
61 4 59
69 60 55
63 67 59
65 64 62
63 70 68
63 69 66
65 72 67
66 62 68
69 67 64
65 61 68
73 64 71
72 70 5
66 80 71
74 70 78
75 73 76
81 74 79
74 77 80
83 76 78
77 73 79
75 80 78
72 76 79
82 84 75
81 3 83
91 82 77
81 85 89
87 84 86
85 90 92
91 88 85
94 87 89
84 88 90
91 86 89
87 90 83
93 86 95
94 3 92
93 88 102
100 92 96
97 95 98
101 96 103
99 96 102
100 105 98
101 95 99
100 97 102
94 101 98
104 97 7
105 6 103
104 99 14
14
104
14 2 25
3 47 2
0 1 36
1 58 69
102 80 91
10 101 6
8 5 7
11 13 6
12 9 6
8 10 15
11 5 9
10 12 7
8 11 103
14 16 7
0 13 15
23 14 9
13 21 17
18 16 19
24 22 17
23 20 17
26 19 21
20 16 22
18 23 21
19 22 15
18 27 25
0 26 24
20 25 34
24 32 28
27 30 29
33 35 28
31 34 28
37 30 32
33 27 31
34 32 29
26 33 30
38 36 29
35 37 2
31 36 45
39 35 43
40 38 41
39 46 44
42 39 45
48 43 41
42 38 44
40 43 45
37 41 44
40 49 47
48 1 46
42 47 56
50 54 46
49 52 51
50 57 55
50 53 56
59 54 52
49 53 55
54 56 51
48 52 55
58 60 51
59 3 57
67 58 53
61 65 57
62 60 63
61 68 66
61 67 64
65 63 70
64 60 66
67 65 62
59 66 63
71 62 69
68 3 70
78 64 69
72 68 76
73 71 74
79 72 77
72 75 78
81 74 76
75 71 77
78 73 76
74 77 70
82 80 73
79 81 4
80 75 89
79 83 87
82 85 84
88 83 90
86 83 89
85 87 92
82 86 88
84 87 89
85 88 81
84 93 91
90 4 92
86 100 91
98 90 94
95 93 96
99 94 101
97 94 100
98 103 96
99 93 97
98 95 100
99 92 96
102 95 5
103 4 101
102 12 97
15
104
14 2 25
47 2 4
0 1 36
80 58 69
102 1 91
10 101 6
8 5 7
11 13 6
12 9 6
8 10 15
11 5 9
10 7 12
8 11 103
14 16 7
0 13 15
23 14 9
13 21 17
18 16 19
24 22 17
23 20 17
26 19 21
20 16 22
18 23 21
19 22 15
18 27 25
0 26 24
20 25 34
32 24 28
27 30 29
33 35 28
31 34 28
32 37 30
33 27 31
32 34 29
26 33 30
38 36 29
35 37 2
31 36 45
39 35 43
40 38 41
39 46 44
42 39 45
48 43 41
42 38 44
40 43 45
37 41 44
40 49 47
48 1 46
42 47 56
50 54 46
49 52 51
50 57 55
50 53 56
59 54 52
49 53 55
54 56 51
48 52 55
58 60 51
59 3 57
67 58 53
61 65 57
62 60 63
61 68 66
61 67 64
65 63 70
64 60 66
67 65 62
59 66 63
71 62 69
68 3 70
64 78 69
72 68 76
73 71 74
79 72 77
72 75 78
81 74 76
75 71 77
73 78 76
74 77 70
82 80 73
79 3 81
80 75 89
79 83 87
82 85 84
83 88 90
86 83 89
85 87 92
82 86 88
84 87 89
85 88 81
84 93 91
90 4 92
86 100 91
98 90 94
95 93 96
99 94 101
97 94 100
98 103 96
99 93 97
98 95 100
99 96 92
102 95 5
103 4 101
102 97 12
16
104
14 2 25
47 2 4
0 1 36
80 69 91
102 1 58
10 101 6
8 5 7
11 13 6
12 9 6
8 10 15
11 5 9
10 7 12
8 11 103
14 16 7
0 13 15
23 14 9
13 21 17
18 16 19
24 22 17
23 20 17
26 19 21
20 16 22
18 23 21
19 22 15
18 27 25
0 26 24
20 25 34
32 24 28
27 30 29
33 35 28
31 34 28
32 37 30
33 27 31
32 34 29
26 33 30
38 36 29
35 37 2
31 36 45
39 35 43
40 38 41
39 46 44
42 39 45
48 41 43
42 38 44
40 43 45
37 41 44
40 49 47
48 1 46
42 47 56
50 54 46
49 52 51
50 57 55
50 53 56
59 54 52
49 53 55
54 51 56
48 52 55
58 60 51
59 57 4
67 58 53
61 65 57
62 60 63
61 68 66
61 67 64
65 63 70
64 60 66
67 65 62
59 63 66
71 62 69
68 3 70
64 78 69
72 68 76
73 71 74
79 72 77
72 75 78
81 74 76
75 71 77
73 78 76
74 77 70
80 73 82
79 3 81
80 75 89
79 83 87
85 84 82
83 88 90
86 83 89
85 87 92
86 88 82
84 87 89
85 88 81
84 93 91
3 90 92
86 100 91
98 90 94
95 93 96
99 94 101
97 94 100
98 103 96
99 93 97
98 95 100
99 96 92
102 95 5
103 4 101
102 97 12
17
106
16 2 27
4 60 49
0 4 38
4 71 6
1 2 3
82 6 93
104 5 3
8 12 103
10 7 9
8 13 15
8 14 11
10 12 17
13 7 11
12 9 14
10 13 105
16 18 9
0 15 17
25 16 11
19 15 23
21 20 18
19 26 24
19 25 22
28 21 23
22 18 24
20 25 23
21 24 17
20 29 27
0 28 26
22 27 36
34 26 30
29 32 31
35 37 30
33 36 30
34 39 32
35 29 33
34 36 31
28 35 32
40 38 31
39 37 2
47 33 38
41 37 45
42 43 40
41 48 46
47 44 41
50 43 45
44 40 46
47 42 45
39 43 46
42 51 49
50 48 1
44 49 58
52 48 56
51 54 53
57 52 59
52 55 58
61 56 54
57 51 55
56 58 53
57 50 54
60 62 53
61 1 59
69 60 55
63 67 59
64 62 65
63 70 68
63 69 66
72 67 65
66 62 68
69 67 64
61 68 65
73 64 71
72 70 3
66 80 71
74 70 78
73 76 75
81 74 79
74 77 80
83 76 78
77 73 79
80 75 78
72 76 79
84 82 75
81 5 83
82 77 91
81 85 89
87 84 86
85 92 90
88 85 91
94 87 89
84 88 90
86 89 91
87 90 83
86 95 93
94 5 92
88 102 93
100 92 96
97 95 98
101 96 103
99 96 102
100 105 98
101 99 95
100 97 102
94 101 98
104 97 7
105 6 103
104 99 14
18
106
16 2 27
5 60 49
0 5 38
82 6 71
104 6 93
1 2 6
5 4 3
8 12 103
10 7 9
8 13 15
8 14 11
10 12 17
13 7 11
12 14 9
10 13 105
16 18 9
0 15 17
25 16 11
19 15 23
21 20 18
19 26 24
19 25 22
28 21 23
22 18 24
20 25 23
21 24 17
20 29 27
0 28 26
22 27 36
34 26 30
29 32 31
35 37 30
33 36 30
34 39 32
35 29 33
34 36 31
28 35 32
38 40 31
37 39 2
33 38 47
41 37 45
42 40 43
41 48 46
44 41 47
50 45 43
44 40 46
42 45 47
39 46 43
42 51 49
50 1 48
44 49 58
52 48 56
51 54 53
57 52 59
52 55 58
61 56 54
57 51 55
56 58 53
50 57 54
60 62 53
61 1 59
69 60 55
63 67 59
64 62 65
63 70 68
63 69 66
72 67 65
66 62 68
69 67 64
61 68 65
73 64 71
72 70 3
66 80 71
70 74 78
73 75 76
81 74 79
74 77 80
83 76 78
77 73 79
80 75 78
72 76 79
84 82 75
81 83 3
82 77 91
81 85 89
87 84 86
85 90 92
88 85 91
87 89 94
84 88 90
86 89 91
87 90 83
86 95 93
92 4 94
88 102 93
100 92 96
97 95 98
101 96 103
99 96 102
100 105 98
101 95 99
100 97 102
101 94 98
104 97 7
105 4 103
104 99 14
19
106
16 2 27
5 60 49
0 5 38
82 6 93
104 5 6
1 2 4
71 4 3
8 12 103
10 7 9
8 13 15
8 14 11
10 12 17
13 7 11
12 14 9
10 13 105
16 18 9
0 15 17
25 16 11
19 15 23
21 20 18
19 26 24
19 25 22
28 21 23
22 18 24
20 25 23
21 24 17
20 29 27
0 28 26
22 27 36
34 26 30
29 32 31
35 37 30
33 36 30
34 39 32
35 29 33
34 36 31
28 35 32
38 40 31
37 39 2
47 33 38
41 37 45
42 43 40
41 48 46
47 44 41
50 43 45
44 40 46
47 42 45
39 43 46
42 51 49
50 1 48
44 49 58
52 48 56
51 54 53
57 52 59
52 55 58
61 56 54
57 51 55
56 58 53
57 50 54
60 62 53
61 1 59
69 60 55
63 67 59
64 62 65
63 70 68
63 69 66
72 67 65
66 62 68
69 67 64
61 68 65
73 64 71
72 70 6
66 80 71
74 70 78
73 76 75
81 74 79
74 77 80
83 76 78
77 73 79
80 75 78
72 76 79
84 82 75
81 83 3
82 77 91
81 85 89
87 84 86
85 92 90
88 85 91
87 89 94
84 88 90
86 89 91
87 90 83
86 95 93
92 3 94
88 102 93
100 92 96
97 95 98
101 96 103
99 96 102
100 105 98
101 95 99
100 97 102
101 94 98
104 97 7
105 4 103
104 99 14
20
106
16 2 27
5 60 49
0 4 38
82 4 6
3 5 2
4 1 71
93 104 3
8 12 103
10 7 9
8 13 15
8 14 11
10 12 17
13 7 11
12 9 14
10 13 105
16 18 9
0 15 17
25 16 11
19 15 23
20 18 21
19 26 24
19 25 22
28 21 23
22 18 24
20 25 23
21 24 17
20 29 27
0 28 26
22 27 36
30 34 26
31 29 32
30 35 37
30 33 36
34 39 32
35 29 33
31 34 36
28 35 32
31 40 38
37 39 2
47 33 38
41 37 45
42 40 43
46 41 48
47 44 41
50 45 43
46 44 40
47 42 45
46 39 43
42 51 49
50 1 48
44 49 58
52 48 56
51 54 53
57 52 59
52 55 58
61 56 54
57 51 55
56 58 53
57 50 54
60 62 53
61 1 59
69 60 55
63 67 59
65 64 62
63 70 68
63 69 66
65 72 67
66 62 68
69 67 64
65 61 68
73 64 71
72 5 70
66 80 71
74 70 78
75 73 76
74 81 79
74 77 80
83 76 78
77 73 79
75 80 78
72 76 79
82 84 75
81 3 83
91 82 77
81 85 89
87 84 86
85 90 92
91 88 85
94 87 89
84 88 90
91 86 89
87 90 83
93 86 95
94 92 6
93 88 102
100 92 96
97 95 98
101 96 103
99 96 102
100 105 98
101 95 99
100 97 102
94 101 98
104 97 7
105 6 103
104 99 14
21
106
16 2 27
5 60 49
0 4 38
82 6 93
5 2 6
4 1 71
104 3 4
8 12 103
10 7 9
8 13 15
8 14 11
10 12 17
13 7 11
12 9 14
10 13 105
16 18 9
0 15 17
25 16 11
19 15 23
20 18 21
19 26 24
19 25 22
28 21 23
22 18 24
20 25 23
21 24 17
20 29 27
0 28 26
22 27 36
30 34 26
31 29 32
30 35 37
30 33 36
34 39 32
35 29 33
31 34 36
28 35 32
31 40 38
39 37 2
47 33 38
41 37 45
42 40 43
41 48 46
47 44 41
50 43 45
44 40 46
47 42 45
39 43 46
42 51 49
50 48 1
44 49 58
52 48 56
51 54 53
57 52 59
52 55 58
61 56 54
57 51 55
56 58 53
57 50 54
60 62 53
61 1 59
69 60 55
63 67 59
64 62 65
63 70 68
63 69 66
72 67 65
66 62 68
69 67 64
61 68 65
73 64 71
72 5 70
66 80 71
74 70 78
75 73 76
81 74 79
74 77 80
83 76 78
77 73 79
75 80 78
72 76 79
84 82 75
81 3 83
82 77 91
81 85 89
87 84 86
85 92 90
88 85 91
94 87 89
84 88 90
86 89 91
87 90 83
86 95 93
94 3 92
88 102 93
100 92 96
97 95 98
101 96 103
99 96 102
100 105 98
101 95 99
100 97 102
94 101 98
104 97 7
105 6 103
104 99 14
22
106
16 2 27
60 49 6
0 4 38
93 104 4
6 2 3
82 6 71
4 5 1
8 12 103
10 7 9
8 13 15
8 14 11
10 12 17
13 7 11
12 9 14
10 13 105
16 18 9
0 15 17
25 16 11
19 15 23
21 20 18
19 26 24
19 25 22
28 21 23
22 18 24
20 25 23
21 24 17
20 29 27
0 28 26
22 27 36
30 34 26
31 29 32
30 35 37
30 33 36
34 39 32
35 29 33
31 34 36
28 35 32
31 40 38
39 37 2
47 33 38
41 37 45
42 40 43
41 48 46
47 44 41
50 45 43
44 40 46
47 42 45
39 46 43
42 51 49
50 48 1
44 49 58
52 48 56
51 54 53
57 52 59
52 55 58
61 56 54
57 51 55
56 58 53
57 50 54
60 62 53
61 1 59
69 60 55
63 67 59
65 64 62
63 70 68
63 69 66
65 72 67
66 62 68
69 67 64
65 61 68
73 64 71
72 5 70
66 80 71
74 70 78
73 76 75
81 74 79
74 77 80
83 76 78
77 73 79
80 75 78
72 76 79
82 84 75
81 5 83
82 77 91
81 85 89
87 84 86
85 92 90
88 85 91
94 87 89
84 88 90
86 89 91
87 90 83
93 86 95
94 92 3
93 88 102
100 92 96
97 95 98
101 96 103
99 96 102
100 105 98
101 95 99
100 97 102
94 101 98
104 97 7
105 3 103
104 99 14
23
106
16 2 27
60 49 5
0 38 6
5 6 93
82 5 71
3 4 1
104 3 2
8 12 103
10 7 9
8 13 15
8 14 11
10 12 17
13 7 11
12 9 14
10 13 105
16 18 9
0 15 17
25 16 11
19 15 23
20 18 21
19 26 24
19 25 22
28 21 23
22 18 24
20 25 23
21 24 17
20 29 27
0 28 26
22 27 36
30 34 26
31 29 32
30 35 37
30 33 36
34 39 32
35 29 33
31 34 36
28 35 32
31 40 38
39 37 2
47 33 38
41 37 45
42 40 43
41 48 46
47 44 41
50 43 45
44 40 46
47 42 45
39 43 46
42 51 49
50 48 1
44 49 58
52 48 56
51 54 53
57 52 59
52 55 58
61 56 54
57 51 55
56 58 53
57 50 54
60 62 53
61 1 59
69 60 55
63 67 59
64 62 65
63 70 68
63 69 66
72 67 65
66 62 68
69 67 64
61 68 65
73 64 71
72 4 70
66 80 71
74 70 78
75 73 76
81 74 79
74 77 80
83 76 78
77 73 79
75 80 78
72 76 79
84 82 75
81 4 83
82 77 91
81 85 89
87 84 86
85 92 90
88 85 91
94 87 89
84 88 90
86 89 91
87 90 83
86 95 93
94 3 92
88 102 93
100 92 96
97 95 98
101 96 103
99 96 102
100 105 98
101 95 99
100 97 102
94 101 98
104 97 7
105 6 103
104 99 14
24
106
16 2 27
5 60 49
0 38 3
104 5 2
82 6 71
1 6 3
4 5 93
8 12 103
10 7 9
8 13 15
8 14 11
10 12 17
13 7 11
12 14 9
10 13 105
16 18 9
0 15 17
25 16 11
19 15 23
20 18 21
19 26 24
19 25 22
28 21 23
22 18 24
20 25 23
21 24 17
20 29 27
0 28 26
22 27 36
30 34 26
31 29 32
30 35 37
30 33 36
34 39 32
35 29 33
31 34 36
28 35 32
31 40 38
39 2 37
47 33 38
41 37 45
42 40 43
41 48 46
47 44 41
50 43 45
44 40 46
47 42 45
39 43 46
42 51 49
50 1 48
44 49 58
52 48 56
51 54 53
57 52 59
52 55 58
61 56 54
57 51 55
56 58 53
57 50 54
60 62 53
61 1 59
69 60 55
63 67 59
64 62 65
63 70 68
63 69 66
72 67 65
66 62 68
69 67 64
61 68 65
73 64 71
72 70 4
66 80 71
74 70 78
75 73 76
81 74 79
74 77 80
83 76 78
77 73 79
75 80 78
72 76 79
84 82 75
81 4 83
82 77 91
81 85 89
87 84 86
85 90 92
88 85 91
87 89 94
84 88 90
86 89 91
87 90 83
86 95 93
92 6 94
88 102 93
100 92 96
97 95 98
101 96 103
99 96 102
100 105 98
101 95 99
100 97 102
101 94 98
104 97 7
105 3 103
104 99 14
25
104
14 2 25
4 58 47
0 4 36
102 80 91
1 2 69
6 10 101
8 5 7
6 11 13
6 12 9
8 10 15
11 5 9
10 7 12
8 11 103
14 16 7
0 13 15
23 14 9
17 13 21
19 18 16
17 24 22
17 23 20
26 19 21
20 16 22
18 23 21
19 22 15
18 27 25
0 26 24
20 25 34
32 24 28
27 30 29
33 35 28
31 34 28
32 37 30
33 27 31
32 34 29
26 33 30
38 36 29
35 37 2
31 36 45
39 35 43
40 38 41
39 46 44
42 39 45
48 43 41
42 38 44
40 43 45
37 41 44
40 49 47
48 1 46
42 47 56
50 46 54
49 52 51
50 57 55
50 53 56
59 54 52
49 53 55
54 56 51
48 52 55
58 60 51
59 1 57
67 58 53
61 65 57
62 60 63
61 68 66
61 67 64
65 70 63
64 60 66
67 65 62
59 66 63
71 62 69
68 4 70
64 78 69
72 68 76
71 73 74
72 79 77
72 75 78
81 74 76
75 71 77
78 73 76
74 77 70
82 80 73
79 81 3
80 75 89
79 83 87
85 82 84
83 88 90
86 83 89
85 87 92
82 86 88
84 87 89
85 88 81
84 93 91
90 3 92
86 100 91
98 90 94
95 93 96
99 94 101
97 94 100
98 103 96
99 93 97
98 95 100
99 96 92
102 95 5
103 3 101
102 97 12
26
104
14 2 25
4 58 47
0 36 3
102 2 91
80 1 69
10 101 6
8 5 7
11 13 6
12 9 6
8 10 15
11 5 9
10 7 12
8 11 103
14 16 7
0 13 15
23 14 9
13 21 17
18 16 19
24 22 17
23 20 17
26 19 21
20 16 22
18 23 21
19 22 15
18 27 25
0 26 24
20 25 34
32 24 28
27 30 29
33 35 28
31 34 28
32 37 30
33 27 31
32 34 29
26 33 30
38 36 29
35 37 2
31 36 45
39 35 43
40 38 41
39 46 44
42 39 45
48 43 41
42 38 44
40 43 45
37 41 44
40 49 47
48 1 46
42 47 56
50 46 54
49 52 51
50 57 55
50 53 56
59 54 52
49 53 55
54 56 51
48 52 55
58 60 51
59 1 57
67 58 53
61 65 57
62 60 63
61 68 66
61 67 64
65 63 70
64 60 66
67 65 62
59 66 63
71 62 69
68 4 70
64 78 69
72 68 76
73 71 74
79 72 77
72 75 78
81 74 76
75 71 77
73 78 76
74 77 70
82 80 73
79 4 81
80 75 89
79 83 87
82 85 84
83 88 90
86 83 89
85 87 92
82 86 88
84 87 89
85 88 81
84 93 91
90 3 92
86 100 91
98 90 94
95 93 96
99 94 101
97 94 100
98 103 96
99 93 97
98 95 100
99 96 92
102 95 5
103 3 101
102 97 12
27
104
14 2 25
58 47 4
0 36 4
80 69 91
102 1 2
10 101 6
8 5 7
11 13 6
12 9 6
8 10 15
11 5 9
10 7 12
8 11 103
14 16 7
0 13 15
23 14 9
13 21 17
18 16 19
24 22 17
23 20 17
26 19 21
20 16 22
18 23 21
19 22 15
18 27 25
0 26 24
20 25 34
32 24 28
27 30 29
33 35 28
31 34 28
32 37 30
33 27 31
32 34 29
26 33 30
38 36 29
37 35 2
45 31 36
39 35 43
40 38 41
39 46 44
45 42 39
48 41 43
42 38 44
45 40 43
37 41 44
40 49 47
48 46 1
42 47 56
50 46 54
49 52 51
50 57 55
50 53 56
59 54 52
49 53 55
54 56 51
48 52 55
58 60 51
59 1 57
67 58 53
61 65 57
62 60 63
61 68 66
61 67 64
65 63 70
64 60 66
67 65 62
59 66 63
71 62 69
68 3 70
64 78 69
72 68 76
73 71 74
79 72 77
72 75 78
81 74 76
75 71 77
73 78 76
74 77 70
82 80 73
79 3 81
80 75 89
79 83 87
82 85 84
83 90 88
86 83 89
85 87 92
82 86 88
84 87 89
85 88 81
84 93 91
3 90 92
86 100 91
98 90 94
95 93 96
99 94 101
97 94 100
98 103 96
99 93 97
98 95 100
99 96 92
102 95 5
103 4 101
102 97 12
28
106
16 2 27
5 60 71
0 6 38
93 104 6
82 5 6
4 1 49
4 2 3
8 12 103
10 7 9
8 13 15
8 14 11
10 12 17
13 7 11
12 9 14
10 13 105
16 18 9
0 15 17
25 16 11
19 15 23
21 20 18
19 26 24
19 25 22
28 21 23
22 18 24
20 25 23
21 24 17
20 29 27
0 28 26
22 27 36
30 34 26
31 29 32
30 35 37
30 33 36
34 39 32
35 29 33
31 34 36
28 35 32
31 38 40
37 39 2
47 33 38
41 37 45
43 42 40
46 41 48
47 44 41
43 50 45
46 44 40
47 42 45
46 43 39
42 51 49
50 5 48
44 49 58
52 48 56
51 54 53
57 52 59
52 55 58
61 56 54
57 51 55
56 58 53
57 50 54
60 62 53
61 1 59
69 60 55
63 67 59
65 64 62
63 70 68
63 69 66
72 65 67
66 62 68
69 67 64
65 61 68
73 64 71
72 70 1
66 80 71
78 74 70
73 75 76
74 81 79
74 77 80
78 83 76
77 73 79
78 80 75
72 76 79
82 84 75
81 4 83
91 82 77
81 85 89
87 84 86
85 90 92
91 88 85
94 87 89
84 88 90
91 86 89
87 90 83
93 86 95
94 92 3
93 88 102
100 92 96
97 95 98
101 96 103
99 96 102
100 105 98
101 95 99
100 97 102
94 101 98
104 97 7
105 3 103
104 99 14
29
106
16 2 27
4 60 71
0 38 6
82 4 5
3 1 49
93 3 6
104 5 2
8 12 103
10 7 9
8 13 15
8 14 11
10 12 17
13 7 11
12 9 14
10 13 105
16 18 9
0 15 17
25 16 11
19 15 23
20 18 21
19 26 24
19 25 22
28 21 23
22 18 24
20 25 23
21 24 17
20 29 27
0 28 26
22 27 36
30 34 26
31 29 32
30 35 37
30 33 36
34 39 32
35 29 33
31 34 36
28 35 32
31 38 40
37 39 2
47 33 38
41 37 45
42 43 40
46 41 48
47 44 41
50 43 45
46 44 40
47 42 45
46 39 43
42 51 49
50 4 48
44 49 58
52 48 56
51 54 53
57 52 59
52 55 58
61 56 54
57 51 55
56 58 53
57 50 54
60 62 53
61 1 59
69 60 55
63 67 59
65 64 62
63 70 68
63 69 66
65 72 67
66 62 68
69 67 64
65 61 68
73 64 71
72 70 1
66 80 71
74 70 78
75 73 76
81 74 79
74 77 80
83 76 78
77 73 79
75 80 78
72 76 79
82 84 75
81 3 83
91 82 77
81 85 89
87 84 86
85 90 92
91 88 85
94 87 89
84 88 90
91 86 89
87 90 83
93 86 95
94 5 92
93 88 102
100 92 96
97 95 98
101 96 103
99 96 102
100 105 98
101 95 99
100 97 102
94 101 98
104 97 7
105 6 103
104 99 14
30
106
16 2 27
4 60 71
0 38 6
4 5 49
82 3 1
93 3 6
104 5 2
8 12 103
10 7 9
8 13 15
8 14 11
10 12 17
13 7 11
12 9 14
10 13 105
16 18 9
0 15 17
25 16 11
19 15 23
20 18 21
19 26 24
19 25 22
28 21 23
22 18 24
20 25 23
21 24 17
20 29 27
0 28 26
22 27 36
30 34 26
31 29 32
30 35 37
30 33 36
34 39 32
35 29 33
31 34 36
28 35 32
31 38 40
37 39 2
47 33 38
41 37 45
42 43 40
46 41 48
47 44 41
50 43 45
46 44 40
47 42 45
46 39 43
42 51 49
50 3 48
44 49 58
52 48 56
51 54 53
57 52 59
52 55 58
61 56 54
57 51 55
56 58 53
57 50 54
60 62 53
61 1 59
69 60 55
63 67 59
65 64 62
63 70 68
63 69 66
65 72 67
66 62 68
69 67 64
65 61 68
73 64 71
72 70 1
66 80 71
74 70 78
75 73 76
81 74 79
74 77 80
83 76 78
77 73 79
75 80 78
72 76 79
82 84 75
81 4 83
91 82 77
81 85 89
87 84 86
85 90 92
91 88 85
94 87 89
84 88 90
91 86 89
87 90 83
93 86 95
94 5 92
93 88 102
100 92 96
97 95 98
101 96 103
99 96 102
100 105 98
101 95 99
100 97 102
94 101 98
104 97 7
105 6 103
104 99 14
31
106
16 2 27
60 5 71
0 38 6
49 5 6
82 5 93
3 4 1
104 3 2
8 12 103
10 7 9
8 13 15
8 14 11
10 12 17
13 7 11
12 9 14
10 13 105
16 18 9
0 15 17
25 16 11
19 15 23
20 18 21
19 26 24
19 25 22
28 21 23
22 18 24
20 25 23
21 24 17
20 29 27
0 28 26
22 27 36
30 34 26
31 29 32
30 35 37
30 33 36
34 39 32
35 29 33
31 34 36
28 35 32
31 40 38
39 37 2
47 33 38
41 37 45
42 40 43
41 48 46
47 44 41
50 43 45
44 40 46
47 42 45
39 43 46
42 51 49
50 3 48
44 49 58
52 56 48
51 54 53
57 52 59
52 55 58
61 56 54
57 51 55
56 58 53
57 50 54
60 62 53
61 1 59
69 60 55
63 67 59
64 62 65
63 70 68
63 69 66
72 67 65
66 62 68
69 67 64
61 68 65
73 64 71
72 70 1
66 80 71
74 70 78
75 73 76
81 74 79
74 77 80
83 76 78
77 73 79
75 80 78
72 76 79
84 82 75
81 4 83
82 77 91
81 85 89
87 84 86
85 92 90
88 85 91
94 87 89
84 88 90
86 89 91
87 90 83
86 95 93
94 4 92
88 102 93
100 92 96
97 95 98
101 96 103
99 96 102
100 105 98
101 95 99
100 97 102
94 101 98
104 97 7
105 6 103
104 99 14
32
104
14 2 25
4 58 69
0 36 3
102 2 91
80 1 47
10 101 6
8 5 7
11 13 6
12 9 6
8 10 15
11 5 9
10 7 12
8 11 103
14 16 7
0 13 15
23 14 9
13 21 17
18 16 19
24 22 17
23 20 17
26 19 21
20 16 22
18 23 21
19 22 15
18 27 25
0 26 24
20 25 34
32 24 28
27 30 29
33 35 28
31 34 28
32 37 30
33 27 31
32 34 29
26 33 30
38 36 29
35 37 2
31 36 45
39 35 43
40 38 41
39 46 44
42 39 45
48 43 41
42 38 44
40 43 45
37 41 44
40 49 47
48 46 4
42 47 56
50 54 46
49 52 51
50 57 55
50 53 56
59 54 52
49 53 55
54 56 51
48 52 55
58 60 51
59 1 57
67 58 53
61 65 57
62 60 63
61 68 66
61 67 64
65 63 70
64 60 66
67 65 62
59 66 63
71 62 69
68 1 70
64 78 69
72 68 76
73 71 74
72 79 77
72 75 78
81 74 76
75 71 77
73 78 76
74 77 70
82 80 73
79 4 81
80 75 89
79 83 87
82 85 84
83 88 90
86 83 89
85 87 92
82 86 88
84 87 89
85 88 81
84 93 91
90 3 92
86 100 91
98 90 94
95 93 96
99 94 101
97 94 100
98 103 96
99 93 97
98 95 100
99 96 92
102 95 5
103 3 101
102 97 12
33
104
14 2 25
4 58 69
0 36 3
102 47 2
80 1 91
10 101 6
8 5 7
11 13 6
12 9 6
8 10 15
11 5 9
10 7 12
8 11 103
14 16 7
0 13 15
23 14 9
13 21 17
18 16 19
24 22 17
23 20 17
26 19 21
20 16 22
18 23 21
19 22 15
18 27 25
0 26 24
20 25 34
32 24 28
27 30 29
33 35 28
31 34 28
32 37 30
33 27 31
32 34 29
26 33 30
38 36 29
35 37 2
31 36 45
39 35 43
40 38 41
39 46 44
42 39 45
48 41 43
42 38 44
40 43 45
37 41 44
40 49 47
48 46 3
42 47 56
50 54 46
49 52 51
50 57 55
50 53 56
59 54 52
49 53 55
54 56 51
48 52 55
58 60 51
59 1 57
67 58 53
61 65 57
62 60 63
61 68 66
61 67 64
65 63 70
64 60 66
67 65 62
59 66 63
71 62 69
68 1 70
64 78 69
72 68 76
73 71 74
72 79 77
72 75 78
81 74 76
75 71 77
73 78 76
74 77 70
82 80 73
79 4 81
80 75 89
79 83 87
82 85 84
83 88 90
86 83 89
85 87 92
82 86 88
84 87 89
85 88 81
84 93 91
4 90 92
86 100 91
98 90 94
95 93 96
99 94 101
97 94 100
98 103 96
99 93 97
98 95 100
99 96 92
102 95 5
103 3 101
102 97 12
34
106
16 2 27
82 4 71
0 38 6
93 4 5
3 1 60
3 49 6
104 5 2
8 12 103
10 7 9
8 13 15
8 14 11
10 12 17
13 7 11
12 9 14
10 13 105
16 18 9
0 15 17
25 16 11
19 15 23
20 18 21
19 26 24
19 25 22
28 21 23
22 18 24
20 25 23
21 24 17
20 29 27
0 28 26
22 27 36
30 34 26
31 29 32
30 35 37
30 33 36
34 39 32
35 29 33
31 34 36
28 35 32
31 38 40
37 39 2
47 33 38
41 37 45
42 43 40
46 41 48
47 44 41
50 43 45
46 44 40
47 42 45
46 39 43
42 51 49
50 5 48
44 49 58
52 56 48
51 54 53
57 52 59
52 55 58
61 56 54
57 51 55
56 58 53
57 50 54
60 62 53
61 4 59
69 60 55
63 67 59
65 64 62
63 70 68
63 69 66
65 72 67
66 62 68
69 67 64
65 61 68
73 64 71
72 70 1
66 80 71
74 70 78
75 73 76
81 74 79
74 77 80
83 76 78
77 73 79
75 80 78
72 76 79
82 84 75
81 1 83
91 82 77
81 85 89
87 84 86
85 90 92
91 88 85
94 87 89
84 88 90
91 86 89
87 90 83
93 86 95
94 3 92
93 88 102
100 92 96
97 95 98
101 96 103
99 96 102
100 105 98
101 95 99
100 97 102
94 101 98
104 97 7
105 6 103
104 99 14
35
104
14 2 25
80 69 3
0 4 36
102 1 91
58 47 2
6 10 101
8 5 7
6 11 13
6 12 9
8 10 15
11 5 9
10 7 12
8 11 103
14 16 7
0 13 15
23 14 9
17 13 21
19 18 16
17 24 22
17 23 20
26 19 21
20 16 22
18 23 21
19 22 15
18 27 25
0 26 24
20 25 34
32 24 28
27 30 29
33 35 28
31 34 28
32 37 30
33 27 31
32 34 29
26 33 30
38 36 29
37 35 2
45 31 36
39 35 43
40 38 41
39 46 44
45 42 39
48 43 41
42 38 44
45 40 43
37 41 44
40 49 47
48 46 4
42 47 56
50 46 54
49 52 51
50 57 55
50 53 56
59 54 52
49 53 55
54 56 51
48 52 55
58 60 51
59 4 57
67 58 53
61 65 57
62 60 63
61 68 66
61 67 64
65 70 63
64 60 66
67 65 62
59 66 63
71 62 69
68 1 70
64 78 69
72 68 76
71 74 73
72 79 77
72 75 78
81 74 76
75 71 77
78 73 76
74 77 70
82 80 73
79 1 81
80 75 89
79 83 87
85 82 84
83 90 88
86 83 89
85 87 92
82 86 88
84 87 89
85 88 81
84 93 91
90 3 92
86 100 91
98 90 94
95 93 96
99 94 101
97 94 100
98 103 96
99 93 97
98 95 100
99 96 92
102 95 5
103 3 101
102 97 12
36
104
14 2 25
80 4 69
0 36 3
102 47 2
1 58 91
10 101 6
8 5 7
11 13 6
12 9 6
8 10 15
11 5 9
10 7 12
8 11 103
14 16 7
0 13 15
23 14 9
13 21 17
18 16 19
24 22 17
23 20 17
26 19 21
20 16 22
18 23 21
19 22 15
18 27 25
0 26 24
20 25 34
32 24 28
27 30 29
33 35 28
31 34 28
32 37 30
33 27 31
32 34 29
26 33 30
38 36 29
35 37 2
31 36 45
39 35 43
40 38 41
39 46 44
42 39 45
48 41 43
42 38 44
40 43 45
37 41 44
40 49 47
48 46 3
42 47 56
50 54 46
49 52 51
50 57 55
50 53 56
59 54 52
49 53 55
54 56 51
48 52 55
58 60 51
59 4 57
67 58 53
61 65 57
62 60 63
61 68 66
61 67 64
65 63 70
64 60 66
67 65 62
59 66 63
71 62 69
68 1 70
64 78 69
72 68 76
73 71 74
79 72 77
72 75 78
81 74 76
75 71 77
73 78 76
74 77 70
82 80 73
79 1 81
80 75 89
79 83 87
82 85 84
83 88 90
86 83 89
85 87 92
82 86 88
84 87 89
85 88 81
84 93 91
4 90 92
86 100 91
98 90 94
95 93 96
99 94 101
97 94 100
98 103 96
99 93 97
98 95 100
99 96 92
102 95 5
103 3 101
102 97 12
37
104
14 2 25
80 3 91
0 4 36
1 69 102
58 47 2
10 101 6
8 5 7
11 13 6
12 9 6
8 10 15
11 5 9
10 7 12
8 11 103
14 16 7
0 13 15
23 14 9
13 21 17
19 18 16
24 22 17
23 20 17
19 21 26
20 16 22
18 23 21
19 22 15
18 27 25
0 24 26
20 25 34
32 24 28
27 30 29
33 35 28
31 34 28
32 37 30
33 27 31
32 34 29
33 30 26
38 36 29
37 35 2
45 31 36
39 35 43
40 41 38
39 46 44
45 42 39
48 41 43
42 38 44
45 40 43
37 41 44
40 49 47
48 46 4
42 47 56
50 46 54
49 52 51
50 57 55
50 53 56
59 54 52
49 53 55
54 56 51
48 52 55
58 60 51
59 4 57
67 58 53
61 65 57
62 60 63
61 68 66
61 67 64
65 63 70
64 60 66
67 65 62
59 66 63
71 62 69
68 3 70
64 78 69
72 68 76
71 74 73
79 72 77
72 75 78
81 74 76
75 71 77
78 73 76
74 77 70
82 80 73
79 1 81
80 75 89
79 83 87
82 85 84
83 90 88
86 83 89
85 87 92
82 86 88
84 87 89
85 88 81
84 93 91
1 90 92
86 100 91
98 90 94
95 93 96
99 94 101
97 94 100
98 103 96
99 97 93
98 95 100
99 96 92
95 5 102
103 3 101
97 12 102
38
104
14 2 25
102 4 91
0 36 4
58 47 69
80 1 2
10 101 6
8 5 7
11 13 6
12 9 6
8 10 15
11 5 9
10 7 12
8 11 103
14 16 7
0 13 15
23 14 9
17 13 21
18 16 19
17 24 22
17 23 20
26 19 21
20 16 22
18 23 21
19 22 15
18 27 25
0 26 24
20 25 34
32 24 28
27 30 29
33 35 28
31 34 28
32 37 30
33 27 31
32 34 29
26 33 30
38 36 29
37 35 2
45 31 36
39 35 43
40 38 41
39 46 44
45 42 39
48 41 43
42 38 44
45 40 43
37 41 44
40 49 47
48 46 3
42 47 56
50 54 46
49 52 51
50 57 55
50 53 56
59 54 52
49 53 55
54 56 51
48 52 55
58 60 51
59 3 57
67 58 53
61 65 57
62 60 63
61 68 66
61 67 64
65 63 70
64 60 66
67 65 62
59 66 63
71 62 69
68 3 70
64 78 69
72 68 76
73 71 74
79 72 77
72 75 78
81 74 76
75 71 77
73 78 76
74 77 70
82 80 73
79 81 4
80 75 89
79 83 87
82 85 84
83 90 88
86 83 89
85 87 92
82 86 88
84 87 89
85 88 81
84 93 91
1 90 92
86 100 91
98 90 94
95 93 96
99 94 101
97 94 100
98 103 96
99 93 97
98 95 100
99 96 92
102 95 5
1 103 101
102 97 12
39
104
14 2 25
80 58 69
0 36 4
47 4 91
102 3 2
10 101 6
8 5 7
11 13 6
12 9 6
8 10 15
11 5 9
10 7 12
8 11 103
14 16 7
0 13 15
23 14 9
13 21 17
18 16 19
24 22 17
23 20 17
26 19 21
20 16 22
18 23 21
19 22 15
18 27 25
0 26 24
20 25 34
32 24 28
27 30 29
33 35 28
31 34 28
32 37 30
33 27 31
32 34 29
26 33 30
38 36 29
37 35 2
45 31 36
39 35 43
40 38 41
39 46 44
45 42 39
48 41 43
42 38 44
45 40 43
37 41 44
40 49 47
48 3 46
42 47 56
50 54 46
49 52 51
50 57 55
50 53 56
59 54 52
49 53 55
54 56 51
48 52 55
58 60 51
59 1 57
67 58 53
61 65 57
62 60 63
61 68 66
61 67 64
65 63 70
64 60 66
67 65 62
59 66 63
71 62 69
68 1 70
64 78 69
72 68 76
73 71 74
72 79 77
72 75 78
81 74 76
75 71 77
73 78 76
74 77 70
82 80 73
79 1 81
80 75 89
79 83 87
82 85 84
83 90 88
86 83 89
85 87 92
82 86 88
84 87 89
85 88 81
84 93 91
3 90 92
86 100 91
98 90 94
95 93 96
99 94 101
97 94 100
98 103 96
99 93 97
98 95 100
99 96 92
102 95 5
103 4 101
102 97 12
40
106
4 16 27
4 60 6
4 49 38
93 104 6
0 1 2
82 6 71
5 1 3
8 12 103
10 7 9
8 13 15
8 14 11
10 12 17
13 7 11
12 14 9
10 13 105
16 18 9
0 15 17
25 16 11
19 15 23
21 20 18
19 26 24
19 25 22
28 21 23
22 18 24
20 25 23
21 24 17
20 29 27
0 28 26
22 27 36
30 34 26
31 29 32
30 35 37
30 33 36
34 39 32
35 29 33
31 34 36
28 35 32
31 38 40
37 39 2
47 33 38
41 37 45
42 40 43
41 48 46
47 44 41
50 45 43
44 40 46
47 42 45
39 43 46
42 51 49
50 48 2
44 49 58
52 48 56
51 54 53
57 52 59
52 55 58
61 56 54
57 51 55
56 58 53
57 50 54
60 62 53
61 1 59
69 60 55
63 67 59
65 64 62
63 70 68
63 69 66
65 72 67
66 62 68
69 67 64
65 61 68
73 64 71
72 70 5
66 80 71
74 70 78
73 75 76
74 81 79
74 77 80
83 76 78
77 73 79
80 75 78
72 76 79
82 84 75
81 5 83
82 77 91
81 85 89
87 84 86
85 90 92
88 85 91
87 89 94
84 88 90
86 89 91
87 90 83
93 86 95
92 3 94
93 88 102
100 92 96
97 95 98
101 96 103
99 96 102
100 105 98
101 95 99
100 97 102
101 94 98
104 97 7
105 3 103
104 99 14
41
104
4 14 25
4 58 69
4 47 36
102 80 91
0 1 2
6 10 101
8 5 7
6 11 13
6 12 9
8 10 15
11 5 9
10 7 12
8 11 103
14 16 7
0 13 15
23 14 9
17 13 21
19 18 16
17 24 22
17 23 20
26 19 21
20 16 22
18 23 21
19 22 15
18 27 25
0 26 24
20 25 34
32 24 28
27 30 29
33 35 28
31 34 28
32 37 30
33 27 31
32 34 29
26 33 30
38 36 29
35 37 2
31 36 45
39 35 43
40 38 41
39 46 44
42 39 45
48 43 41
42 38 44
40 43 45
37 41 44
40 49 47
48 46 2
42 47 56
50 46 54
49 52 51
50 57 55
50 53 56
59 54 52
49 53 55
54 56 51
48 52 55
58 60 51
59 1 57
67 58 53
61 65 57
62 60 63
61 68 66
61 67 64
65 70 63
64 60 66
67 65 62
59 66 63
71 62 69
68 1 70
64 78 69
72 68 76
71 73 74
72 79 77
72 75 78
81 74 76
75 71 77
78 73 76
74 77 70
82 80 73
79 81 3
80 75 89
79 83 87
85 82 84
83 88 90
86 83 89
85 87 92
82 86 88
84 87 89
85 88 81
84 93 91
90 3 92
86 100 91
98 90 94
95 93 96
99 94 101
97 94 100
98 103 96
99 93 97
98 95 100
99 96 92
102 95 5
103 3 101
102 97 12
42
104
4 14 25
80 69 91
4 47 36
102 4 58
0 2 3
10 101 6
8 5 7
11 13 6
12 9 6
8 10 15
11 5 9
10 7 12
8 11 103
14 16 7
0 13 15
23 14 9
13 21 17
19 18 16
24 22 17
23 20 17
26 19 21
20 16 22
18 23 21
19 22 15
18 27 25
0 26 24
20 25 34
32 24 28
27 30 29
33 35 28
31 34 28
32 37 30
33 27 31
32 34 29
26 33 30
38 36 29
37 35 2
45 31 36
39 35 43
40 38 41
39 46 44
45 42 39
48 41 43
42 38 44
45 40 43
37 41 44
40 49 47
48 46 2
42 47 56
50 54 46
49 52 51
50 57 55
50 53 56
59 54 52
49 53 55
54 56 51
48 52 55
58 60 51
59 3 57
67 58 53
61 65 57
62 60 63
61 68 66
61 67 64
65 63 70
64 60 66
67 65 62
59 66 63
71 62 69
68 1 70
64 78 69
72 68 76
71 74 73
79 72 77
72 75 78
81 74 76
75 71 77
78 73 76
74 77 70
82 80 73
79 1 81
80 75 89
79 83 87
82 85 84
83 90 88
86 83 89
85 87 92
82 86 88
84 87 89
85 88 81
84 93 91
1 90 92
86 100 91
98 90 94
95 93 96
99 94 101
97 94 100
98 103 96
99 93 97
98 95 100
99 96 92
102 95 5
103 3 101
102 97 12
43
102
12 34 23
56 45 67
78 89 100
8 99 4
6 3 5
9 11 4
10 7 4
6 8 13
9 3 7
8 5 10
6 9 101
12 14 5
0 11 13
21 12 7
11 19 15
16 17 14
22 20 15
21 18 15
17 19 24
18 14 20
16 21 19
17 20 13
16 25 23
0 22 24
18 23 32
22 26 30
25 28 27
31 33 26
29 32 26
35 28 30
31 25 29
32 27 30
31 28 24
36 34 27
0 35 33
29 34 43
37 33 41
38 36 39
37 44 42
37 43 40
41 39 46
36 42 40
38 41 43
35 39 42
38 47 45
44 1 46
45 54 40
48 44 52
47 50 49
48 55 53
48 51 54
57 52 50
47 51 53
52 54 49
50 53 46
56 58 49
57 1 55
65 56 51
63 55 59
60 58 61
66 64 59
65 62 59
63 68 61
62 58 64
65 63 60
57 64 61
69 60 67
66 1 68
62 76 67
66 74 70
69 71 72
77 75 70
73 76 70
79 72 74
73 69 75
76 71 74
72 75 68
78 71 80
77 79 2
73 78 87
77 81 85
83 82 80
81 86 88
84 81 87
83 85 90
84 86 80
82 85 87
83 86 79
82 91 89
88 2 90
84 98 89
96 88 92
93 91 94
92 99 97
95 92 98
96 101 94
91 95 97
96 93 98
94 90 97
93 3 100
101 2 99
95 10 100
44
102
12 34 23
78 56 67
45 89 100
8 99 4
6 3 5
9 11 4
10 7 4
6 8 13
9 3 7
8 5 10
6 9 101
12 14 5
0 11 13
21 12 7
11 19 15
16 17 14
22 20 15
21 18 15
17 19 24
18 14 20
16 21 19
17 20 13
16 25 23
0 22 24
18 23 32
22 26 30
25 28 27
31 33 26
29 32 26
35 28 30
31 25 29
32 27 30
31 28 24
36 34 27
0 35 33
29 34 43
37 33 41
38 36 39
37 44 42
37 43 40
41 39 46
36 42 40
38 41 43
35 39 42
38 47 45
44 2 46
45 54 40
48 52 44
47 50 49
48 55 53
48 51 54
52 50 57
47 51 53
52 54 49
50 53 46
56 58 49
1 55 57
65 56 51
63 55 59
60 58 61
66 64 59
65 62 59
63 68 61
62 58 64
65 63 60
64 61 57
69 60 67
66 1 68
62 76 67
66 74 70
69 71 72
77 75 70
73 76 70
79 72 74
73 69 75
76 71 74
72 75 68
78 71 80
77 1 79
73 78 87
77 81 85
83 82 80
81 86 88
84 81 87
83 85 90
84 86 80
82 85 87
83 86 79
82 91 89
88 2 90
84 98 89
96 88 92
93 91 94
92 99 97
95 92 98
96 101 94
91 95 97
96 93 98
94 90 97
93 3 100
101 2 99
95 10 100
