4
1
70
2 13 24
2 3 46
0 1 35
1 68 57
9 67 5
4 6 7
10 12 5
8 11 5
14 9 7
10 8 4
6 11 9
10 7 69
13 6 15
0 14 12
22 8 13
20 16 12
18 15 17
16 23 21
22 16 19
20 18 25
19 21 15
20 22 17
18 21 14
26 24 17
0 25 23
19 24 33
23 27 31
28 26 29
32 34 27
30 27 33
36 29 31
26 30 32
28 31 33
25 32 29
28 37 35
2 34 36
30 44 35
38 34 42
39 37 40
38 43 45
38 41 44
47 42 40
43 41 37
39 44 42
43 36 40
39 46 48
47 1 45
41 55 46
45 49 53
51 50 48
54 56 49
52 49 55
58 51 53
54 52 48
53 55 50
47 54 51
59 50 57
58 56 3
52 66 57
56 60 64
59 61 62
65 60 67
66 63 60
62 64 69
59 63 65
66 61 64
58 65 62
68 61 4
3 67 69
68 63 11
2
70
2 13 24
3 46 57
0 3 35
1 2 68
9 67 5
4 6 7
10 12 5
8 11 5
9 14 7
10 8 4
6 11 9
10 7 69
13 6 15
0 14 12
22 8 13
20 16 12
18 15 17
16 23 21
22 16 19
20 18 25
19 21 15
20 22 17
18 21 14
26 24 17
0 25 23
19 24 33
23 27 31
28 26 29
34 32 27
30 27 33
36 29 31
26 30 32
28 31 33
25 32 29
28 37 35
2 34 36
30 44 35
38 34 42
37 39 40
38 43 45
38 41 44
47 42 40
43 41 37
39 44 42
43 36 40
39 46 48
47 1 45
41 55 46
45 49 53
51 50 48
54 56 49
52 49 55
58 51 53
54 52 48
55 53 50
54 47 51
59 50 57
1 56 58
52 66 57
64 56 60
59 61 62
65 60 67
66 63 60
64 62 69
59 63 65
64 66 61
58 65 62
68 61 4
3 67 69
68 63 11
3
70
13 3 24
3 68 57
3 46 35
0 2 1
9 67 5
4 6 7
10 12 5
8 11 5
14 9 7
10 8 4
6 11 9
10 7 69
13 6 15
0 14 12
22 8 13
20 16 12
18 15 17
16 23 21
22 16 19
18 20 25
19 21 15
20 22 17
18 21 14
26 24 17
0 25 23
19 24 33
23 27 31
28 26 29
32 34 27
30 27 33
36 29 31
26 30 32
28 31 33
25 32 29
28 37 35
2 34 36
30 44 35
38 34 42
39 37 40
38 43 45
38 41 44
47 42 40
43 41 37
39 44 42
43 36 40
39 46 48
47 2 45
41 55 46
45 49 53
51 50 48
54 56 49
52 49 55
58 51 53
54 52 48
53 55 50
47 54 51
59 50 57
56 58 1
52 66 57
56 60 64
59 61 62
65 60 67
66 63 60
62 64 69
59 63 65
66 61 64
58 65 62
68 61 4
1 67 69
68 63 11
4
68
11 22 33
66 44 55
7 65 3
2 4 5
10 3 8
6 9 3
12 7 5
6 2 8
4 9 7
5 67 8
11 4 13
0 12 10
20 6 11
14 10 18
16 13 15
14 21 19
20 14 17
16 23 18
17 19 13
20 15 18
16 19 12
24 22 15
0 23 21
17 22 31
21 25 29
26 24 27
30 32 25
28 25 31
34 27 29
24 28 30
26 29 31
23 30 27
26 35 33
0 32 34
28 42 33
32 40 36
37 35 38
41 43 36
39 42 36
40 38 45
41 39 35
37 42 40
41 34 38
37 44 46
43 1 45
39 53 44
43 47 51
49 48 46
54 47 52
47 53 50
56 49 51
46 52 50
51 53 48
49 45 52
48 55 57
56 54 1
55 50 64
54 58 62
59 60 57
63 58 65
61 58 64
60 62 67
61 63 57
59 62 64
56 63 60
66 59 2
1 65 67
66 61 9
