1
1
66
1 3 62
0 2 61
1 10 63
0 4 8
3 5 6
4 9 11
4 7 10
6 8 14
3 7 9
5 8 10
2 6 9
5 12 18
11 13 17
12 19 21
7 15 19
14 16 17
15 18 28
12 15 20
11 16 20
13 14 20
17 18 19
13 22 26
21 23 24
22 27 29
22 25 28
24 26 31
21 25 27
23 26 28
16 24 27
23 30 32
29 31 61
25 30 39
29 33 37
32 34 35
33 38 40
33 36 39
35 37 43
32 36 38
34 37 39
31 35 38
34 41 47
40 42 46
41 48 50
36 44 48
43 45 46
44 47 57
41 44 49
40 45 49
42 43 49
46 47 48
42 51 55
50 52 53
51 56 58
51 54 57
53 55 60
50 54 56
52 55 57
45 53 56
52 59 64
58 60 61
54 59 65
1 30 59
0
2
58
60
2
62 63
64 65