1
1
{ I-rozsirenie nestabilneho snarku 2TF1N-D.58 cez dvojicu [21,28]-[24,25], }
{ co boli jeho jedine nepotlacitelne hrany. }
{ cc=5, striktne stabilny } 
60
1 8 50
0 2 5
1 3 7
2 4 56
3 5 8
1 4 6
5 7 23
2 6 13
0 4 9
8 10 15
9 11 14
10 12 53
11 13 15
7 12 14
10 13 22
9 12 16
15 17 24
16 18 21
17 19 23
18 20 24
19 21 22
17 20 58
14 20 23
6 18 22
16 19 59
26 33 59
25 27 30
26 28 32
27 29 58
28 30 33
26 29 31
30 32 48
27 31 38
25 29 34
33 35 40
34 36 39
35 37 54
36 38 40
32 37 39
35 38 47
34 37 41
40 42 49
41 43 46
42 44 48
43 45 49
44 46 47
42 45 57
39 45 48
31 43 47
41 44 50
0 49 51
50 52 55
51 53 57
11 52 54
36 53 55
51 54 56
3 55 57
46 52 56
21 28 59
24 25 58
