1
1
{ H-rozsirenie snarku 2TF1-03.50 cez dvojice hran {[0,49],[3,46]} a {[21,28],[24,25]}. }
{ cc=5, nestabilny, ma len jednu potlacitelnu hranu [11,36]. }
{ chyba koniec suboru }
56
1 8 50
0 2 5
1 3 7
2 4 51
3 5 8
1 4 6
5 7 23
2 6 13
0 4 9
8 10 15
9 11 14
10 12 36
11 13 15
7 12 14
10 13 22
9 12 16
15 17 24
16 18 21
17 19 23
18 20 24
19 21 22
17 20 52
14 20 23
6 18 22
16 19 53
26 33 53
25 27 30
26 28 32
27 29 52
28 30 33
26 29 31
30 32 48
27 31 38
25 29 34
33 35 40
34 36 39
11 35 37
36 38 40
32 37 39
35 38 47
34 3