1
1
{I-rozsirenie snarku 2TF1-01.56 cez dvojicu hran {[21,28],[24,25]}. }
58
1 8 54
0 2 5
1 3 7
2 4 55
3 5 8
1 4 6
5 7 50
2 6 13
0 4 9
8 10 15
9 11 14
10 12 51
11 13 15
7 12 14
10 13 22
9 12 16
15 17 24
16 18 21
17 19 23
18 20 24
19 21 22
17 20 56
14 20 23
18 22 52
16 19 57
26 33 57
25 27 30
26 28 32
27 29 56
28 30 33
26 29 31
30 32 50
27 31 38
25 29 34
33 35 40
34 36 39
35 37 51
36 38 40
32 37 39
35 38 47
34 37 41
40 42 49
41 43 46
42 44 48
43 45 49
44 46 47
42 45 55
39 45 48
43 47 52
41 44 54
6 31 53
11 36 53
23 48 53
50 51 52
0 49 55
3 46 54
21 28 57
24 25 56
