1
1
{}
82
1 4 66
0 2 7
1 3 5
2 4 10
0 3 6
2 6 62
4 5 7
1 6 8
7 9 16
8 10 30
3 9 11
10 12 15
11 13 18
12 14 16
13 15 21
11 14 17
8 13 17
15 16 18
12 17 19
18 20 27
19 21 30
14 20 22
21 23 26
22 24 29
23 25 27
24 26 72
22 25 28
19 24 28
26 27 29
23 28 76
9 20 61
32 35 68
31 33 38
32 34 36
33 35 41
31 34 37
33 37 64
35 36 38
32 37 39
38 40 47
39 41 61
34 40 42
41 43 46
42 44 49
43 45 47
44 46 52
42 45 48
39 44 48
46 47 49
43 48 50
49 51 58
50 52 61
45 51 53
52 54 57
53 55 60
54 56 58
55 57 74
53 56 59
50 55 59
57 58 60
54 59 78
40 51 30
5 63 69
62 64 71
36 63 65
64 66 70
0 65 67
66 68 71
31 67 69
62 68 70
65 69 71
63 67 70
25 73 79
72 74 81
56 73 75
74 76 80
29 75 77
76 78 81
60 77 79
72 78 80
75 79 81
73 77 80