1
1
{ Cyklicky 5-suvisly snark ziskany z troch nezafarbitelnych blokov TF }
{ zlozenia (3,2)-konduktor+negator+(2,3)-konduktor s poctom vrcholov 9+7+=25. }
76
1 8 74
0 2 5
1 3 7
2 4 71
3 5 8
1 4 6
5 7 23
2 6 13
0 4 9
8 10 15
9 11 14
10 12 75
11 13 15
7 12 14
10 13 22
9 12 16
15 17 24
16 18 21
17 19 23
18 20 24
19 21 22
17 20 28
14 20 23
6 18 22
16 19 25
24 26 33
25 27 30
26 28 32
21 27 29
28 30 33
26 29 31
30 32 48
27 31 38
25 29 34
33 35 40
34 36 39
35 37 75
36 38 40
32 37 39
35 38 47
34 37 41
40 42 49
41 43 46
42 44 48
43 45 49
44 46 47
42 45 53
39 45 48
31 43 47
41 44 50
49 51 58
50 52 55
51 53 57
46 52 54
53 55 58
51 54 56
55 57 73
52 56 63
50 54 59
58 60 65
59 61 64
60 62 75
61 63 65
57 62 64
60 63 72
59 62 66
65 67 74
66 68 71
67 69 73
68 70 74
69 71 72
3 67 70
64 70 73
56 68 72
0 66 69
11 36 61
