1
1
{}
116
1 4 113
0 2 7
1 3 5
2 4 10
0 3 6
2 6 114
4 5 7
1 6 8
7 9 16
8 10 30
3 9 11
10 12 15
11 13 18
12 14 16
13 15 21
11 14 17
8 13 17
15 16 18
12 17 19
18 20 27
19 21 30
14 20 22
21 23 26
22 24 29
23 25 27
24 26 93
22 25 28
19 24 28
26 27 29
23 28 97
9 20 115
32 35 95
31 33 38
32 34 36
33 35 41
31 34 37
33 37 99
35 36 38
32 37 39
38 40 47
39 41 61
34 40 42
41 43 46
42 44 49
43 45 47
44 46 52
42 45 48
39 44 48
46 47 49
43 48 50
49 51 58
50 52 61
45 51 53
52 54 57
53 55 60
54 56 58
55 57 103
53 56 59
50 55 59
57 58 60
54 59 107
40 51 115
63 66 105
62 64 69
63 65 67
64 66 72
62 65 68
64 68 109
66 67 69
63 68 70
69 71 78
70 72 92
65 71 73
72 74 77
73 75 80
74 76 78
75 77 83
73 76 79
70 75 79
77 78 80
74 79 81
80 82 89
81 83 92
76 82 84
83 85 88
84 86 91
85 87 89
86 88 113
84 87 90
81 86 90
88 89 91
85 90 114
71 82 115
25 94 100
93 95 102
31 94 96
95 97 101
29 96 98
97 99 102
36 98 100
93 99 101
96 100 102
94 98 101
56 104 110
103 105 112
62 104 106
105 107 111
60 106 108
107 109 112
67 108 110
103 109 111
106 110 112
104 108 111
0 87 114
5 91 113
30 61 92