1
1
{ stabilne rozsirenie cisto stabilneho snarku 4PS.36: } 
{ tri I-rozsirenia cez dvojice hran 
{ {[0,31],[5,35]}, {[13,22],[17,23]}, {[2,14],[7,15]} }
42
3 4 37
2 4 5
1 3 40
0 2 6
0 1 7
1 6 36
3 5 7
4 6 41
10 11 13
11 12 14
8 12 15
8 9 16
9 10 17
8 14 38
9 13 40
10 16 41
11 15 17
12 16 39
20 21 23
21 22 24
18 22 25
18 19 32
19 20 38
18 24 39
19 23 25
20 24 33
28 29 31
29 30 32
26 30 33
26 27 34
27 28 35
26 32 37
21 27 31
25 28 34
29 33 35
30 34 36
5 35 37
0 31 36
13 22 39
17 23 38
2 14 41
7 15 40