1
1
{ nahradenie vrcholu 25 a jeho susedov v 5FLOWE3.58 28 vrcholovym snarkom }
58
1 2 3
0 10 11
0 12 13
0 14 15
5 11 26
4 10 17
7 13 18
6 12 21
9 15 22
8 14 25
1 5 27
1 4 16
2 7 19
2 6 20
3 9 23
3 8 24
11 17 30
5 16 18
6 17 19
12 18 36
13 21 41
7 20 22
8 21 23
14 22 54
15 25 55
9 24 26
4 25 27
10 26 32
29 34 57
28 30 35
16 29 31
30 33 34
27 34 35
31 35 53
28 31 32
29 32 33
19 37 42
36 38 43
37 39 56
38 41 42
42 43 52
20 39 43
36 39 40
37 40 41
45 50 56
44 46 51
45 47 57
46 49 50
50 51 53
47 51 52
44 47 48
45 48 49
40 49 54
33 48 55
23 52 56
24 53 57
38 44 54
28 46 55