1
1
{ nahradenie vrcholu 0 a jeho susedov v 5FLOWE3.58 28 vrcholovym snarkom }
58
19 38 57
2 3 4
1 7 28
1 6 9
1 5 8
4 6 29
3 5 7
2 6 8
4 7 10
3 13 40
8 11 43
10 12 15
11 18 33
9 14 16
13 17 50
11 17 19
13 18 19
14 15 18
12 16 17
15 16 0
21 22 23
20 26 47
20 25 28
20 24 27
23 25 48
22 24 26
21 25 27
23 26 29
2 22 32
5 27 30
29 31 34
30 37 52
28 33 35
12 32 36
30 36 38
32 37 38
33 34 37
31 35 36
0 34 35
40 41 42
9 39 45
39 44 47
39 43 46
10 42 44
41 43 45
40 44 46
42 45 48
21 41 51
24 46 49
48 50 53
14 49 56
47 52 54
31 51 55
49 55 57
51 56 57
52 53 56
50 54 55
0 53 54

