12
{ 5FLOWE + petersen deangulatorvsetky maju T-farbenie }
1
42
1 2 3
0 4 30
0 5 24
0 6 7
1 5 7
2 4 6
3 5 31
3 4 25
9 10 11
8 24 12
8 27 13
8 14 15
9 13 15
10 12 14
25 11 13
11 12 28
17 18 19
16 20 27
16 21 30
16 22 23
17 21 23
18 20 22
19 21 28
19 20 31
32 2 9
36 7 14
40 27 28
17 10 26
22 26 15
41 30 31
1 18 29
6 23 29
33 37 24
32 34 40
33 35 38
34 36 41
35 39 25
32 38 41
34 37 39
36 38 40
33 39 26
35 37 29
2
42
1 2 3
0 4 30
0 5 24
0 6 7
1 5 7
2 4 6
3 5 31
3 4 25
9 10 11
8 24 12
8 27 13
8 14 15
9 13 15
10 12 14
25 11 13
11 12 28
17 18 19
16 20 27
16 21 30
16 22 23
17 21 23
18 20 22
19 21 28
19 20 31
32 2 9
7 40 14
36 27 28
17 10 26
22 26 15
41 30 31
1 18 29
6 23 29
33 37 24
32 34 40
33 35 38
34 36 41
35 39 26
32 38 41
34 37 39
36 38 40
33 39 25
35 37 29
3
42
23 26 29
4 36 24
5 6 40
4 6 41
1 3 5
2 4 31
2 3 25
8 9 10
7 24 11
7 27 12
7 13 14
8 12 14
9 11 13
25 10 12
10 11 28
16 17 18
19 27 15
20 30 15
21 22 15
16 20 22
17 19 21
18 20 28
18 19 31
0 24 25
1 23 8
6 23 13
0 27 28
16 9 26
21 26 14
0 30 31
32 17 29
5 22 29
33 37 30
32 34 40
33 35 38
34 36 41
1 35 39
32 38 41
34 37 39
36 38 40
33 2 39
35 3 37
4
42
23 26 29
4 24 40
36 5 6
4 6 41
1 3 5
2 4 31
2 3 25
8 9 10
7 24 11
7 27 12
7 13 14
8 12 14
9 11 13
25 10 12
10 11 28
16 17 18
19 27 15
20 30 15
21 22 15
16 20 22
17 19 21
18 20 28
18 19 31
0 24 25
1 23 8
6 23 13
0 27 28
16 9 26
21 26 14
0 30 31
32 17 29
5 22 29
33 37 30
32 34 40
33 35 38
34 36 41
2 35 39
32 38 41
34 37 39
36 38 40
33 1 39
35 3 37
5
42
23 26 29
4 24 40
5 6 41
4 36 6
1 3 5
2 4 31
2 3 25
8 9 10
7 24 11
7 27 12
7 13 14
8 12 14
9 11 13
25 10 12
10 11 28
16 17 18
19 27 15
20 30 15
21 22 15
16 20 22
17 19 21
18 20 28
18 19 31
0 24 25
1 23 8
6 23 13
0 27 28
16 9 26
21 26 14
0 30 31
32 17 29
5 22 29
33 37 30
32 34 40
33 35 38
34 36 41
35 3 39
32 38 41
34 37 39
36 38 40
33 1 39
2 35 37
6
42
23 26 29
3 36 30
4 24 40
1 4 6
2 3 5
4 41 31
32 3 25
8 9 10
7 24 11
7 27 12
7 13 14
8 12 14
9 11 13
25 10 12
10 11 28
16 17 18
19 27 15
20 30 15
21 22 15
16 20 22
17 19 21
18 20 28
18 19 31
0 24 25
2 23 8
6 23 13
0 27 28
16 9 26
21 26 14
0 30 31
1 17 29
5 22 29
33 37 6
32 34 40
33 35 38
34 36 41
1 35 39
32 38 41
34 37 39
36 38 40
33 2 39
35 37 5
7
42
23 26 29
3 40 30
4 36 24
1 4 6
2 3 5
4 41 31
32 3 25
8 9 10
7 24 11
7 27 12
7 13 14
8 12 14
9 11 13
25 10 12
10 11 28
16 17 18
19 27 15
20 30 15
21 22 15
16 20 22
17 19 21
18 20 28
18 19 31
0 24 25
2 23 8
6 23 13
0 27 28
16 9 26
21 26 14
0 30 31
1 17 29
5 22 29
33 37 6
32 34 40
33 35 38
34 36 41
2 35 39
32 38 41
34 37 39
36 38 40
33 1 39
35 37 5
8
42
23 26 29
3 40 30
4 24 41
1 4 6
2 3 5
4 36 31
32 3 25
8 9 10
7 24 11
7 27 12
7 13 14
8 12 14
9 11 13
25 10 12
10 11 28
16 17 18
19 27 15
20 30 15
21 22 15
16 20 22
17 19 21
18 20 28
18 19 31
0 24 25
2 23 8
6 23 13
0 27 28
16 9 26
21 26 14
0 30 31
1 17 29
5 22 29
33 37 6
32 34 40
33 35 38
34 36 41
35 5 39
32 38 41
34 37 39
36 38 40
33 1 39
2 35 37
9
42
24 27 30
32 2 3
1 5 25
1 6 7
5 7 40
2 4 6
3 5 31
3 4 26
9 10 11
8 25 12
8 28 13
8 14 15
9 13 15
10 12 14
26 11 13
11 12 29
17 18 19
16 20 28
16 36 21
16 22 23
17 21 23
18 20 22
19 21 29
19 20 31
0 25 26
2 24 9
7 24 14
0 28 29
17 10 27
22 27 15
0 41 31
6 23 30
33 1 37
32 34 40
33 35 38
34 36 41
18 35 39
32 38 41
34 37 39
36 38 40
33 4 39
35 37 30
10
42
24 27 30
32 2 3
1 5 25
1 6 7
36 5 7
2 4 6
3 5 31
3 4 26
9 10 11
8 25 12
8 28 13
8 14 15
9 13 15
10 12 14
26 11 13
11 12 29
17 18 19
16 20 28
16 21 40
16 22 23
17 21 23
18 20 22
19 21 29
19 20 31
0 25 26
2 24 9
7 24 14
0 28 29
17 10 27
22 27 15
0 41 31
6 23 30
33 1 37
32 34 40
33 35 38
34 36 41
35 4 39
32 38 41
34 37 39
36 38 40
33 18 39
35 37 30
11
42
32 26 29
2 3 4
1 5 30
1 6 41
1 7 8
2 6 8
3 5 7
4 6 31
4 5 25
10 11 12
40 9 13
9 27 14
16 9 15
16 10 14
11 13 15
25 12 14
12 28 13
18 19 20
17 21 27
17 22 30
17 23 24
18 22 24
19 21 23
20 22 28
20 21 31
36 8 15
0 27 28
18 26 11
16 23 26
0 30 31
2 19 29
7 24 29
0 33 37
32 34 40
33 35 38
34 36 41
35 39 25
32 38 41
34 37 39
36 38 40
33 39 10
35 3 37
12
42
32 26 29
2 3 4
1 5 30
1 6 41
1 7 8
2 6 8
3 5 7
4 6 31
4 5 25
10 11 12
36 9 13
9 27 14
16 9 15
16 10 14
11 13 15
25 12 14
12 28 13
18 19 20
17 21 27
17 22 30
17 23 24
18 22 24
19 21 23
20 22 28
20 21 31
8 40 15
0 27 28
18 26 11
16 23 26
0 30 31
2 19 29
7 24 29
0 33 37
32 34 40
33 35 38
34 36 41
35 39 10
32 38 41
34 37 39
36 38 40
33 39 25
35 3 37
