1
1
{ 5FLOWE3.34 + halin namiesto hrany medzi 31 32 }
58
25 28 56
2 3 4
1 5 34
1 6 26
1 7 8
2 6 8
3 5 7
4 6 33
4 5 27
10 11 12
9 13 26
9 14 29
9 15 16
10 14 16
11 13 15
12 14 27
12 13 30
18 19 20
17 21 29
17 22 32
17 23 24
18 22 24
19 21 23
20 22 30
20 21 33
0 26 27
3 10 25
8 15 25
0 29 30
11 18 28
16 23 28
32 34 57
31 40 19
7 24 53
35 31 2
34 36 54
35 37 38
36 39 44
36 40 41
37 40 54
38 39 32
38 54 42
41 43 47
42 44 57
37 45 43
44 50 46
45 48 52
42 49 48
46 47 51
50 47 52
45 49 51
50 48 56
46 49 53
52 55 33
35 39 41
57 53 56
51 55 0
43 55 31
