1
1
{ bistabilny; neparnost=4, rezistencia=4 }
{ Konstrukcia: cyklicke spojenim troch vlastnych (2,2)-polov A radu 10 }
{ a troch nevlastnych (2,2)-polov B radu 8 v poradi A-B-A-B-A-B. }
54
2 3 5
3 4 6
0 4 7
0 1 15
1 2 49
0 6 53
1 5 7
2 6 16
10 11 13
11 12 14
8 12 15
8 9 16
9 10 17
8 14 25
9 13 15
3 10 14
7 11 17
12 16 21
20 21 23
21 22 24
18 22 25
18 19 17
19 20 33
18 24 34
19 25 23
13 20 24
28 29 31
29 30 32
26 30 33
26 27 34
27 28 35
32 26 43
31 27 33
32 28 22
23 29 35
30 34 39
38 39 41
39 40 42
36 40 43
36 37 35
37 38 52
42 36 51
41 37 43
31 42 38
46 47 49
47 48 50
44 48 51
44 45 52
45 46 53
50 44 4
49 45 51
41 50 46
40 47 53
5 48 52


