85
1
12
1 2 3
0 2 3
0 1 4
0 1 4
2 3 5
4 6 7
5 7 8
5 6 9
6 10 11
7 10 11
8 9 11
8 9 10
2
12
1 2 3
0 2 3
0 1 4
0 1 4
2 3 5
4 6 7
5 8 9
5 8 10
6 7 11
6 10 11
7 9 11
8 9 10
3
12
1 2 3
0 2 3
0 1 4
0 1 4
2 3 5
4 6 7
5 8 9
5 10 11
6 9 10
6 8 11
7 8 11
7 9 10
4
12
1 2 3
0 2 3
0 1 4
0 1 4
2 3 5
4 6 7
5 8 9
5 10 11
6 10 11
6 10 11
7 8 9
7 8 9
5
12
1 2 3
0 2 3
0 1 4
0 1 5
2 5 6
3 4 7
4 7 8
5 6 9
6 10 11
7 10 11
8 9 11
8 9 10
6
12
1 2 3
0 2 3
0 1 4
0 1 5
2 5 6
3 4 7
4 8 9
5 8 10
6 7 11
6 10 11
7 9 11
8 9 10
7
12
1 2 3
0 2 3
0 1 4
0 1 5
2 5 6
3 4 7
4 8 9
5 10 11
6 9 10
6 8 11
7 8 11
7 9 10
8
12
1 2 3
0 2 3
0 1 4
0 1 5
2 5 6
3 4 7
4 8 9
5 10 11
6 10 11
6 10 11
7 8 9
7 8 9
9
12
1 2 3
0 2 3
0 1 4
0 1 5
2 6 7
3 6 7
4 5 8
4 5 9
6 10 11
7 10 11
8 9 11
8 9 10
10
12
1 2 3
0 2 3
0 1 4
0 1 5
2 6 7
3 6 8
4 5 7
4 6 9
5 10 11
7 10 11
8 9 11
8 9 10
11
12
1 2 3
0 2 3
0 1 4
0 1 5
2 6 7
3 6 8
4 5 9
4 8 10
5 7 11
6 10 11
7 9 11
8 9 10
12
12
1 2 3
0 2 3
0 1 4
0 1 5
2 6 7
3 6 8
4 5 9
4 9 10
5 10 11
6 7 11
7 8 11
8 9 10
13
12
1 2 3
0 2 3
0 1 4
0 1 5
2 6 7
3 6 8
4 5 9
4 10 11
5 10 11
6 10 11
7 8 9
7 8 9
14
12
1 2 3
0 2 3
0 1 4
0 1 5
2 6 7
3 8 9
4 7 8
4 6 10
5 6 11
5 10 11
7 9 11
8 9 10
15
12
1 2 3
0 2 3
0 1 4
0 1 5
2 6 7
3 8 9
4 7 10
4 6 10
5 9 11
5 8 11
6 7 11
8 9 10
16
12
1 2 3
0 2 3
0 1 4
0 1 5
2 6 7
3 8 9
4 7 10
4 6 11
5 9 10
5 8 11
6 8 11
7 9 10
17
12
1 2 3
0 2 3
0 1 4
0 1 5
2 6 7
3 8 9
4 7 10
4 6 11
5 10 11
5 10 11
6 8 9
7 8 9
18
12
1 2 3
0 2 3
0 1 4
0 1 5
2 6 7
3 8 9
4 8 9
4 10 11
5 6 10
5 6 11
7 8 11
7 9 10
19
12
1 2 3
0 2 3
0 1 4
0 1 5
2 6 7
3 8 9
4 8 10
4 9 10
5 6 11
5 7 11
6 7 11
8 9 10
20
12
1 2 3
0 2 3
0 1 4
0 1 5
2 6 7
3 8 9
4 8 10
4 9 11
5 6 10
5 7 11
6 8 11
7 9 10
21
12
1 2 3
0 2 3
0 1 4
0 1 5
2 6 7
3 8 9
4 8 10
4 9 11
5 6 11
5 7 10
6 9 11
7 8 10
22
12
1 2 3
0 2 3
0 1 4
0 1 5
2 6 7
3 8 9
4 8 10
4 10 11
5 6 11
5 10 11
6 7 9
7 8 9
23
12
1 2 3
0 2 4
0 1 5
0 4 5
1 3 6
2 3 7
4 8 9
5 8 10
6 7 11
6 10 11
7 9 11
8 9 10
24
12
1 2 3
0 2 4
0 1 5
0 4 5
1 3 6
2 3 7
4 8 9
5 10 11
6 9 10
6 8 11
7 8 11
7 9 10
25
12
1 2 3
0 2 4
0 1 5
0 4 5
1 3 6
2 3 7
4 8 9
5 10 11
6 10 11
6 10 11
7 8 9
7 8 9
26
12
1 2 3
0 2 4
0 1 5
0 4 6
1 3 6
2 7 8
3 4 9
5 8 10
5 7 11
6 10 11
7 9 11
8 9 10
27
12
1 2 3
0 2 4
0 1 5
0 4 6
1 3 6
2 7 8
3 4 9
5 10 11
5 10 11
6 10 11
7 8 9
7 8 9
28
12
1 2 3
0 2 4
0 1 5
0 4 6
1 3 7
2 6 8
3 5 9
4 8 10
5 7 11
6 10 11
7 9 11
8 9 10
29
12
1 2 3
0 2 4
0 1 5
0 4 6
1 3 7
2 6 8
3 5 9
4 9 10
5 10 11
6 7 11
7 8 11
8 9 10
30
12
1 2 3
0 2 4
0 1 5
0 4 6
1 3 7
2 6 8
3 5 9
4 10 11
5 9 10
6 8 11
7 8 11
7 9 10
31
12
1 2 3
0 2 4
0 1 5
0 4 6
1 3 7
2 6 8
3 5 9
4 10 11
5 10 11
6 10 11
7 8 9
7 8 9
32
12
1 2 3
0 2 4
0 1 5
0 4 6
1 3 7
2 8 9
3 7 10
4 6 11
5 9 10
5 8 11
6 8 11
7 9 10
33
12
1 2 3
0 2 4
0 1 5
0 4 6
1 3 7
2 8 9
3 7 10
4 6 11
5 10 11
5 10 11
6 8 9
7 8 9
34
12
1 2 3
0 2 4
0 1 5
0 4 6
1 3 7
2 8 9
3 8 9
4 10 11
5 6 10
5 6 11
7 8 11
7 9 10
35
12
1 2 3
0 2 4
0 1 5
0 4 6
1 3 7
2 8 9
3 8 10
4 8 11
5 6 7
5 10 11
6 9 11
7 9 10
36
12
1 2 3
0 2 4
0 1 5
0 4 6
1 3 7
2 8 9
3 8 10
4 9 10
5 6 11
5 7 11
6 7 11
8 9 10
37
12
1 2 3
0 2 4
0 1 5
0 4 6
1 3 7
2 8 9
3 8 10
4 9 11
5 6 10
5 7 11
6 8 11
7 9 10
38
12
1 2 3
0 2 4
0 1 5
0 4 6
1 3 7
2 8 9
3 8 10
4 9 11
5 6 11
5 7 10
6 9 11
7 8 10
39
12
1 2 3
0 2 4
0 1 5
0 4 6
1 3 7
2 8 9
3 8 10
4 10 11
5 6 9
5 8 11
6 7 11
7 9 10
40
12
1 2 3
0 2 4
0 1 5
0 4 6
1 3 7
2 8 9
3 8 10
4 10 11
5 6 11
5 10 11
6 7 9
7 8 9
41
12
1 2 3
0 2 4
0 1 5
0 4 6
1 3 7
2 8 9
3 10 11
4 10 11
5 9 10
5 8 11
6 7 8
6 7 9
42
12
1 2 3
0 2 4
0 1 5
0 6 7
1 6 7
2 8 9
3 4 10
3 4 11
5 10 11
5 10 11
6 8 9
7 8 9
43
12
1 2 3
0 2 4
0 1 5
0 6 7
1 6 8
2 6 9
3 4 5
3 10 11
4 10 11
5 10 11
7 8 9
7 8 9
44
12
1 2 3
0 2 4
0 1 5
0 6 7
1 6 8
2 7 8
3 4 9
3 5 10
4 5 11
6 10 11
7 9 11
8 9 10
45
12
1 2 3
0 2 4
0 1 5
0 6 7
1 6 8
2 7 9
3 4 9
3 5 10
4 10 11
5 6 11
7 8 11
8 9 10
46
12
1 2 3
0 2 4
0 1 5
0 6 7
1 6 8
2 7 9
3 4 10
3 5 10
4 9 11
5 8 11
6 7 11
8 9 10
47
12
1 2 3
0 2 4
0 1 5
0 6 7
1 6 8
2 7 9
3 4 10
3 5 11
4 9 10
5 8 11
6 8 11
7 9 10
48
12
1 2 3
0 2 4
0 1 5
0 6 7
1 6 8
2 7 9
3 4 10
3 5 11
4 9 11
5 8 10
6 9 11
7 8 10
49
12
1 2 3
0 2 4
0 1 5
0 6 7
1 6 8
2 7 9
3 4 10
3 5 11
4 10 11
5 10 11
6 8 9
7 8 9
50
12
1 2 3
0 2 4
0 1 5
0 6 7
1 6 8
2 9 10
3 4 7
3 6 11
4 9 10
5 8 11
5 8 11
7 9 10
51
12
1 2 3
0 2 4
0 1 5
0 6 7
1 6 8
2 9 10
3 4 9
3 8 10
4 7 11
5 6 11
5 7 11
8 9 10
52
12
1 2 3
0 2 4
0 1 5
0 6 7
1 6 8
2 9 10
3 4 9
3 8 11
4 7 11
5 6 10
5 9 11
7 8 10
53
12
1 2 3
0 2 4
0 1 5
0 6 7
1 6 8
2 9 10
3 4 9
3 9 11
4 10 11
5 6 7
5 8 11
7 8 10
54
12
1 2 3
0 2 4
0 1 5
0 6 7
1 6 8
2 9 10
3 4 9
3 10 11
4 10 11
5 6 11
5 7 8
7 8 9
55
12
1 2 3
0 2 4
0 1 5
0 6 7
1 6 8
2 9 10
3 4 11
3 8 9
4 7 10
5 7 11
5 8 11
6 9 10
56
12
1 2 3
0 2 4
0 1 5
0 6 7
1 6 8
2 9 10
3 4 11
3 8 9
4 7 11
5 7 10
5 9 11
6 8 10
57
12
1 2 3
0 2 4
0 1 5
0 6 7
1 6 8
2 9 10
3 4 11
3 9 10
4 9 11
5 7 8
5 7 11
6 8 10
58
12
1 2 3
0 2 4
0 1 5
0 6 7
1 6 8
2 9 10
3 4 11
3 9 11
4 10 11
5 7 10
5 8 9
6 7 8
59
12
1 2 3
0 2 4
0 1 5
0 6 7
1 8 9
2 10 11
3 7 8
3 6 10
4 6 9
4 8 11
5 7 11
5 9 10
60
12
1 2 3
0 2 4
0 1 5
0 6 7
1 8 9
2 10 11
3 7 8
3 6 10
4 6 11
4 10 11
5 7 9
5 8 9
61
12
1 2 3
0 2 4
0 1 5
0 6 7
1 8 9
2 10 11
3 8 9
3 10 11
4 6 10
4 6 11
5 7 8
5 7 9
62
12
1 2 3
0 2 4
0 1 5
0 6 7
1 8 9
2 10 11
3 8 10
3 9 11
4 6 10
4 7 11
5 6 8
5 7 9
63
12
1 2 3
0 2 4
0 1 5
0 6 7
1 8 9
2 10 11
3 8 10
3 9 11
4 6 11
4 7 10
5 6 9
5 7 8
64
12
1 2 3
0 4 5
0 4 5
0 4 6
1 2 3
1 2 7
3 8 9
5 10 11
6 10 11
6 10 11
7 8 9
7 8 9
65
12
1 2 3
0 4 5
0 4 5
0 6 7
1 2 6
1 2 8
3 4 9
3 10 11
5 10 11
6 10 11
7 8 9
7 8 9
66
12
1 2 3
0 4 5
0 4 5
0 6 7
1 2 8
1 2 9
3 8 10
3 9 10
4 6 11
5 7 11
6 7 11
8 9 10
67
12
1 2 3
0 4 5
0 4 5
0 6 7
1 2 8
1 2 9
3 8 10
3 9 11
4 6 11
5 7 10
6 9 11
7 8 10
68
12
1 2 3
0 4 5
0 4 6
0 5 7
1 2 8
1 3 9
2 7 10
3 6 11
4 9 10
5 8 11
6 8 11
7 9 10
69
12
1 2 3
0 4 5
0 4 6
0 5 7
1 2 8
1 3 9
2 7 10
3 6 11
4 9 11
5 8 10
6 9 11
7 8 10
70
12
1 2 3
0 4 5
0 4 6
0 5 7
1 2 8
1 3 9
2 7 10
3 6 11
4 10 11
5 10 11
6 8 9
7 8 9
71
12
1 2 3
0 4 5
0 4 6
0 5 7
1 2 8
1 3 9
2 8 10
3 9 10
4 6 11
5 7 11
6 7 11
8 9 10
72
12
1 2 3
0 4 5
0 4 6
0 5 7
1 2 8
1 3 9
2 8 10
3 9 11
4 6 11
5 7 10
6 9 11
7 8 10
73
12
1 2 3
0 4 5
0 4 6
0 5 7
1 2 8
1 3 9
2 8 10
3 10 11
4 6 11
5 10 11
6 7 9
7 8 9
74
12
1 2 3
0 4 5
0 4 6
0 5 7
1 2 8
1 3 9
2 9 10
3 8 10
4 7 11
5 6 11
6 7 11
8 9 10
75
12
1 2 3
0 4 5
0 4 6
0 5 7
1 2 8
1 3 9
2 9 10
3 10 11
4 10 11
5 6 11
6 7 8
7 8 9
76
12
1 2 3
0 4 5
0 4 6
0 7 8
1 2 7
1 6 9
2 5 10
3 4 11
3 9 10
5 8 11
6 8 11
7 9 10
77
12
1 2 3
0 4 5
0 4 6
0 7 8
1 2 7
1 8 9
2 9 10
3 4 11
3 5 10
5 6 11
6 8 11
7 9 10
78
12
1 2 3
0 4 5
0 4 6
0 7 8
1 2 7
1 9 10
2 9 10
3 4 11
3 9 11
5 6 8
5 6 11
7 8 10
79
12
1 2 3
0 4 5
0 4 6
0 7 8
1 2 9
1 7 10
2 7 11
3 5 6
3 9 10
4 8 11
5 8 11
6 9 10
80
12
1 2 3
0 4 5
0 4 6
0 7 8
1 2 9
1 7 10
2 7 11
3 5 6
3 10 11
4 10 11
5 8 9
6 8 9
81
12
1 2 3
0 4 5
0 4 6
0 7 8
1 2 9
1 7 10
2 8 11
3 5 11
3 6 10
4 10 11
5 8 9
6 7 9
82
12
1 2 3
0 4 5
0 4 6
0 7 8
1 2 9
1 7 10
2 10 11
3 5 11
3 9 10
4 8 11
5 6 8
6 7 9
83
12
1 2 3
0 4 5
0 4 6
0 7 8
1 2 9
1 10 11
2 10 11
3 9 10
3 9 11
4 7 8
5 6 7
5 6 8
84
12
1 2 3
0 4 5
0 6 7
0 8 9
1 6 8
1 7 9
2 4 10
2 5 11
3 4 11
3 5 10
6 9 11
7 8 10
85
12
1 2 3
0 4 5
0 6 7
0 8 9
1 6 8
1 7 10
2 4 11
2 5 9
3 4 10
3 7 11
5 8 11
6 9 10
