1
1
{ Superpozicia do 3-dipolu.  Ziskany z DIS1A.68 } 
{ prepnutim {[3,4],[33,36]}-->{[3,33],[4,36]}. }
{ cc=4, odd=2,  striktne stabilny, pmi=5 podla konstrukcie }
68
1 9 62
0 2 6
1 3 65
2 33 35
5 33 36
4 6 30
1 5 8
8 9 32
6 7 17
0 7 10
9 11 14
10 12 16
11 13 20
12 14 17
10 13 15
14 16 19
11 15 17
8 13 16
19 20 32
15 18 28
12 18 21
20 22 25
21 23 27
22 24 31
23 25 28
21 24 26
25 27 30
22 26 28
19 24 27
30 31 32
5 26 29
23 29 33
7 18 29
3 4 31
35 36 59
3 34 44
4 34 37
36 38 41
37 39 43
38 40 47
39 41 44
37 40 42
41 43 46
38 42 44
35 40 43
46 47 59
42 45 55
39 45 48
47 49 52
48 50 54
49 51 58
50 52 55
48 51 53
52 54 57
49 53 55
46 51 54
57 58 59
53 56 67
50 56 60
34 45 56
58 61 64
60 62 66
0 61 63
62 64 67
60 63 65
2 64 66
61 65 67
57 63 66
