1
1
{ Konstrukcia:  superpozicia 3-dipolu. }
{ Supervrcholy: (2,2,1)-pol K_{3,3}-cesta dlzky 3 }
{ Superhrany:  1. Halinov dipol H radu 26, 
{              2. rozsiereny Halinov dipol radu 34=HD, kde D je dekolineator radu 8; }
{              3. trivialna superhrana }
{ cc=4, odd=2, pmi=5 podla konstrukcie }
66
1 2 3
0 8 60
0 7 63
0 4 5
3 29 33
3 30 34
7 8 31
2 6 16
1 6 9
8 10 13
9 11 15
10 12 19
11 13 16
9 12 14
13 15 18
10 14 16
7 12 15
18 19 31
14 17 27
11 17 20
19 21 24
20 22 26
21 23 30
22 24 27
20 23 25
24 26 29
21 25 27
18 23 26
29 30 31
4 25 28
5 22 28
6 17 28
33 34 57
4 32 42
5 32 35
34 36 39
35 37 41
36 38 45
37 39 42
35 38 40
39 41 44
36 40 42
33 38 41
44 45 57
40 43 53
37 43 46
45 47 50
46 48 52
47 49 56
48 50 53
46 49 51
50 52 55
47 51 53
44 49 52
55 56 57
51 54 65
48 54 58
32 43 54
56 59 62
58 60 64
1 59 61
60 62 65
58 61 63
2 62 64
59 63 65
55 61 64
