1
1
{ Superpozicia 3-dipolu, ziskany z DIS4A.58 prepnutim }
{ {[[45,56],[49,57]]-->{[45,57],[49.56]}. }
{ cc=4, pmi=4, striktne stabilny }
58
1 8 56
0 2 33
1 3 54
2 4 7
3 5 10
4 6 8
5 7 13
3 6 9
0 5 9
7 8 10
4 9 11
10 12 19
11 13 33
6 12 14
13 15 18
14 16 21
15 17 19
16 18 24
14 17 20
11 16 20
18 19 21
15 20 22
21 23 30
22 24 33
17 23 25
24 26 29
25 27 32
26 28 30
27 29 50
25 28 31
22 27 31
29 30 32
26 31 52
1 12 23
35 38 50
34 36 41
35 37 39
36 38 54
34 37 40
36 40 53
38 39 41
35 40 57
43 46 52
42 44 49
43 45 47
44 46 57
42 45 48
44 48 53
46 47 49
43 48 56
28 34 51
50 52 53
32 42 51
39 47 51
2 37 55
54 56 57
0 49 55
41 45 55
