1
1
{ Superpozicia 3-dipolu. }
{ Ziskany z DIS%A.56 prepnutim hran {[52,55],[53,54]}-->{[52,54],[53,55]} }
{ cc=4, odd=2, striktne stabilny }
56
1 8 55
0 2 33
1 3 54
2 4 7
3 5 10
4 6 8
5 7 13
3 6 9
0 5 9
7 8 10
4 9 11
10 12 19
11 13 33
6 12 14
13 15 18
14 16 21
15 17 19
16 18 24
14 17 20
11 16 20
18 19 21
15 20 22
21 23 30
22 24 33
17 23 25
24 26 29
25 27 32
26 28 30
27 29 52
25 28 31
22 27 31
29 30 32
26 31 53
1 12 23
35 41 52
34 36 43
35 37 44
36 38 42
37 39 53
38 40 43
39 41 49
34 40 42
37 41 43
35 39 42
36 45 48
44 46 51
45 47 49
46 48 55
44 47 50
40 46 50
48 49 51
45 50 54
28 34 54
32 38 55
2 51 52
0 47 53
