1
1
{ 5-kopii rozsireneho petersenovskeho nulatora uspriadanych do cyklu }
{ Vnutorny 5-cyklus je 0-24-48-12-36 (hviezda) }
{ cc=4, odd=4, res=3, vypocet rezistencie trval cca 30h }
60
1 24 36
0 2 3
1 8 54
1 4 58
3 5 11
4 6 9
5 7 14
6 8 11
2 7 9
5 8 10
9 11 15
4 7 10
13 36 48
12 14 15
6 13 20
10 13 16
15 17 23
16 18 21
17 19 26
18 20 23
14 19 21
17 20 22
21 23 27
16 19 22
0 25 48
24 26 27
18 25 32
22 25 28
27 29 35
28 30 33
29 31 38
30 32 35
26 31 33
29 32 34
33 35 39
28 31 34
0 12 37
36 38 39
30 37 44
34 37 40
39 41 47
40 42 45
41 43 50
42 44 47
38 43 45
41 44 46
45 47 51
40 43 46
12 24 49
48 50 51
42 49 56
46 49 52
51 53 59
52 54 57
2 53 55
54 56 59
50 55 57
53 56 58
3 57 59
52 55 58
