25
1
74
1 6 70
0 2 4
1 3 9
2 5 72
1 5 44
3 4 6
0 5 7
15 6 8
7 9 29
2 8 10
14 9 11
17 10 12
15 11 13
14 20 12
16 10 13
16 7 12
14 15 17
16 18 11
17 19 26
18 20 29
19 21 13
20 22 25
21 23 28
22 24 26
50 23 25
21 24 27
18 23 27
25 26 28
22 40 27
30 19 8
31 34 29
30 32 37
31 33 35
32 34 42
30 33 36
32 48 36
34 35 37
31 36 38
37 39 45
47 38 40
39 41 28
46 40 42
33 41 43
47 42 44
4 43 45
46 38 44
47 41 45
46 39 43
49 51 35
48 50 73
49 24 58
48 52 56
51 53 54
52 57 59
52 55 58
54 56 61
51 55 57
53 56 58
50 54 57
62 53 60
73 59 61
69 55 60
63 67 59
62 64 65
63 68 70
63 66 69
65 67 72
62 66 68
64 67 69
65 68 61
64 0 71
70 72 73
66 3 71
49 71 60
2
74
1 48 4
0 2 7
1 3 5
2 4 10
0 3 6
2 6 44
4 5 7
1 6 8
16 7 9
8 10 30
3 9 11
15 10 12
18 11 13
16 12 14
15 21 13
17 11 14
17 8 13
15 16 18
17 19 12
18 20 27
19 21 30
20 22 14
21 23 26
22 24 29
23 25 27
50 24 26
22 25 28
19 24 28
26 27 29
23 40 28
31 20 9
32 35 30
31 33 37
32 34 70
33 35 42
31 34 36
35 37 72
32 36 38
37 39 45
47 38 40
39 41 29
46 40 42
34 41 43
47 42 44
5 43 45
46 38 44
47 41 45
46 39 43
0 49 51
48 50 73
49 25 58
48 52 56
51 53 54
52 57 59
52 55 58
54 56 61
51 55 57
53 56 58
50 54 57
62 53 60
73 59 61
69 55 60
63 67 59
62 64 65
63 68 70
63 66 69
65 67 72
62 66 68
64 67 69
65 68 61
64 33 71
70 72 73
66 36 71
49 71 60
3
74
48 35 24
2 4 70
1 3 9
2 50 5
1 5 44
3 4 6
5 7 72
15 6 8
7 9 29
2 8 10
14 9 11
17 10 12
15 11 13
14 20 12
16 10 13
16 7 12
14 15 17
16 18 11
17 19 26
18 20 29
19 21 13
20 22 25
21 23 28
22 24 26
0 23 25
21 24 27
18 23 27
25 26 28
22 40 27
30 19 8
31 34 29
30 32 37
31 33 35
32 34 42
30 33 36
0 32 36
34 35 37
31 36 38
37 39 45
47 38 40
39 41 28
46 40 42
33 41 43
47 42 44
4 43 45
46 38 44
47 41 45
46 39 43
0 49 51
48 50 73
49 3 58
48 52 56
51 53 54
52 57 59
52 55 58
54 56 61
51 55 57
53 56 58
50 54 57
62 53 60
73 59 61
69 55 60
63 67 59
62 64 65
63 68 70
63 66 69
65 67 72
62 66 68
64 67 69
65 68 61
64 1 71
70 72 73
66 6 71
49 71 60
4
74
1 35 24
0 48 3
3 70 9
1 2 5
5 72 44
3 4 6
50 5 7
15 6 8
7 9 29
2 8 10
14 9 11
17 10 12
15 11 13
14 20 12
16 10 13
16 7 12
14 15 17
16 18 11
17 19 26
18 20 29
19 21 13
20 22 25
21 23 28
22 24 26
0 23 25
21 24 27
18 23 27
25 26 28
22 40 27
30 19 8
31 34 29
30 32 37
31 33 35
32 34 42
30 33 36
0 32 36
34 35 37
31 36 38
37 39 45
47 38 40
39 41 28
46 40 42
33 41 43
47 42 44
4 43 45
46 38 44
47 41 45
46 39 43
1 49 51
48 50 73
49 6 58
48 52 56
51 53 54
52 57 59
52 55 58
54 56 61
51 55 57
53 56 58
50 54 57
62 53 60
73 59 61
69 55 60
63 67 59
62 64 65
63 68 70
63 66 69
65 67 72
62 66 68
64 67 69
65 68 61
64 2 71
70 72 73
66 4 71
49 71 60
5
74
1 35 24
0 48 4
3 50 5
2 4 9
1 3 6
2 6 44
4 5 70
15 8 72
7 9 29
3 8 10
14 9 11
17 10 12
15 11 13
14 20 12
16 10 13
16 7 12
14 15 17
16 18 11
17 19 26
18 20 29
19 21 13
20 22 25
21 23 28
22 24 26
0 23 25
21 24 27
18 23 27
25 26 28
22 40 27
30 19 8
31 34 29
30 32 37
31 33 35
32 34 42
30 33 36
0 32 36
34 35 37
31 36 38
37 39 45
47 38 40
39 41 28
46 40 42
33 41 43
47 42 44
5 43 45
46 38 44
47 41 45
46 39 43
1 49 51
48 50 73
49 2 58
48 52 56
51 53 54
52 57 59
52 55 58
54 56 61
51 55 57
53 56 58
50 54 57
62 53 60
73 59 61
69 55 60
63 67 59
62 64 65
63 68 70
63 66 69
65 67 72
62 66 68
64 67 69
65 68 61
64 6 71
70 72 73
66 71 7
49 71 60
6
74
1 35 24
0 2 3
1 48 6
1 5 70
50 5 44
3 4 6
2 5 7
15 6 8
7 9 29
8 72 10
14 9 11
17 10 12
15 11 13
14 20 12
16 10 13
16 7 12
14 15 17
16 18 11
17 19 26
18 20 29
19 21 13
20 22 25
21 23 28
22 24 26
0 23 25
21 24 27
18 23 27
25 26 28
22 40 27
30 19 8
31 34 29
30 32 37
31 33 35
32 34 42
30 33 36
0 32 36
34 35 37
31 36 38
37 39 45
47 38 40
39 41 28
46 40 42
33 41 43
47 42 44
4 43 45
46 38 44
47 41 45
46 39 43
2 49 51
48 50 73
49 4 58
48 52 56
51 53 54
52 57 59
52 55 58
54 56 61
51 55 57
53 56 58
50 54 57
62 53 60
73 59 61
69 55 60
63 67 59
62 64 65
63 68 70
63 66 69
65 67 72
62 66 68
64 67 69
65 68 61
64 3 71
70 72 73
66 71 9
49 71 60
7
74
1 35 24
0 2 4
1 48 6
50 4 9
1 3 5
4 6 70
2 5 7
15 6 8
7 9 29
3 8 10
14 9 11
17 10 12
15 11 13
14 20 12
16 10 13
16 7 12
14 15 17
16 18 11
17 19 26
18 20 29
19 21 13
20 22 25
21 23 28
22 24 26
0 23 25
21 24 27
18 23 27
25 26 28
22 40 27
30 19 8
31 34 29
30 32 37
31 33 35
32 34 42
30 33 36
0 32 36
34 35 37
31 36 38
37 39 45
47 38 40
39 41 28
46 40 42
33 41 43
47 42 44
72 43 45
46 38 44
47 41 45
46 39 43
2 49 51
48 50 73
49 3 58
48 52 56
51 53 54
52 57 59
52 55 58
54 56 61
51 55 57
53 56 58
50 54 57
62 53 60
73 59 61
69 55 60
63 67 59
62 64 65
63 68 70
63 66 69
65 67 72
62 66 68
64 67 69
65 68 61
64 5 71
70 72 73
66 71 44
49 71 60
8
74
1 35 24
0 2 4
1 3 7
2 48 5
1 50 6
3 6 44
4 5 7
2 6 8
15 7 9
70 8 29
14 72 11
17 10 12
15 11 13
14 20 12
16 10 13
16 8 12
14 15 17
16 18 11
17 19 26
18 20 29
19 21 13
20 22 25
21 23 28
22 24 26
0 23 25
21 24 27
18 23 27
25 26 28
22 40 27
30 19 9
31 34 29
30 32 37
31 33 35
32 34 42
30 33 36
0 32 36
34 35 37
31 36 38
37 39 45
47 38 40
39 41 28
46 40 42
33 41 43
47 42 44
5 43 45
46 38 44
47 41 45
46 39 43
49 3 51
48 50 73
49 4 58
48 52 56
51 53 54
52 57 59
52 55 58
54 56 61
51 55 57
53 56 58
50 54 57
62 53 60
73 59 61
69 55 60
63 67 59
62 64 65
63 68 70
63 66 69
65 67 72
62 66 68
64 67 69
65 68 61
64 71 9
70 72 73
66 71 10
49 71 60
9
74
1 36 25
0 2 5
1 3 7
2 48 4
3 5 10
1 4 6
50 5 7
2 6 8
16 7 9
8 10 30
4 9 11
15 10 12
18 11 13
16 12 14
15 21 13
17 11 14
17 8 13
15 16 18
17 19 12
18 20 27
19 21 30
20 22 14
21 23 26
22 24 29
23 25 27
0 24 26
22 25 28
19 24 28
26 27 29
23 41 28
31 20 9
32 35 30
31 33 38
32 34 36
33 35 43
31 34 37
0 33 37
35 36 38
32 37 39
38 40 45
47 39 41
40 42 29
46 41 43
34 42 44
47 70 43
46 39 72
47 42 45
46 40 44
49 3 51
48 50 73
49 6 58
48 52 56
51 53 54
52 57 59
52 55 58
54 56 61
51 55 57
53 56 58
50 54 57
62 53 60
73 59 61
69 55 60
63 67 59
62 64 65
63 68 70
63 66 69
65 67 72
62 66 68
64 67 69
65 68 61
64 71 44
70 72 73
66 71 45
49 71 60
10
74
1 35 24
0 2 5
1 3 8
2 4 6
3 5 9
1 4 7
3 7 44
5 6 8
2 50 7
4 70 10
14 9 11
17 10 12
15 11 13
14 20 12
16 10 13
16 48 12
14 15 17
16 18 11
17 19 26
18 20 29
19 21 13
20 22 25
21 23 28
22 24 26
0 23 25
21 24 27
18 23 27
25 26 28
22 40 27
30 19 72
31 34 29
30 32 37
31 33 35
32 34 42
30 33 36
0 32 36
34 35 37
31 36 38
37 39 45
47 38 40
39 41 28
46 40 42
33 41 43
47 42 44
6 43 45
46 38 44
47 41 45
46 39 43
15 49 51
48 50 73
49 8 58
48 52 56
51 53 54
52 57 59
52 55 58
54 56 61
51 55 57
53 56 58
50 54 57
62 53 60
73 59 61
69 55 60
63 67 59
62 64 65
63 68 70
63 66 69
65 67 72
62 66 68
64 67 69
65 68 61
64 71 9
70 72 73
66 71 29
49 71 60
11
74
1 35 24
0 2 5
1 3 8
2 4 6
3 5 10
1 4 7
3 7 44
5 6 8
2 48 7
50 10 29
4 9 11
15 10 12
17 11 13
72 12 14
15 20 13
16 11 14
15 17 70
16 18 12
17 19 26
18 20 29
19 21 14
20 22 25
21 23 28
22 24 26
0 23 25
21 24 27
18 23 27
25 26 28
22 40 27
30 19 9
31 34 29
30 32 37
31 33 35
32 34 42
30 33 36
0 32 36
34 35 37
31 36 38
37 39 45
47 38 40
39 41 28
46 40 42
33 41 43
47 42 44
6 43 45
46 38 44
47 41 45
46 39 43
49 51 8
48 50 73
49 9 58
48 52 56
51 53 54
52 57 59
52 55 58
54 56 61
51 55 57
53 56 58
50 54 57
62 53 60
73 59 61
69 55 60
63 67 59
62 64 65
63 68 70
63 66 69
65 67 72
62 66 68
64 67 69
65 68 61
64 16 71
70 72 73
66 71 13
49 71 60
12
74
1 35 25
0 2 5
1 3 8
2 4 6
3 5 10
1 4 7
3 7 44
5 6 8
2 7 9
16 48 8
4 50 11
15 10 12
18 11 13
16 12 14
15 21 13
17 11 14
17 9 13
15 16 18
17 19 12
18 20 27
19 21 72
20 22 14
21 23 26
22 24 29
23 25 27
0 24 26
22 25 28
19 24 28
26 27 29
23 40 28
31 34 70
30 32 37
31 33 35
32 34 42
30 33 36
0 32 36
34 35 37
31 36 38
37 39 45
47 38 40
39 41 29
46 40 42
33 41 43
47 42 44
6 43 45
46 38 44
47 41 45
46 39 43
49 51 9
48 50 73
49 10 58
48 52 56
51 53 54
52 57 59
52 55 58
54 56 61
51 55 57
53 56 58
50 54 57
62 53 60
73 59 61
69 55 60
63 67 59
62 64 65
63 68 70
63 66 69
65 67 72
62 66 68
64 67 69
65 68 61
30 64 71
70 72 73
66 20 71
49 71 60
13
74
1 35 24
0 2 5
1 3 8
2 4 6
3 5 11
1 4 7
3 7 44
5 6 8
2 7 9
15 8 10
9 11 29
4 50 10
15 72 13
14 20 12
16 48 13
16 9 12
14 15 17
16 18 70
17 19 26
18 20 29
19 21 13
20 22 25
21 23 28
22 24 26
0 23 25
21 24 27
18 23 27
25 26 28
22 40 27
30 19 10
31 34 29
30 32 37
31 33 35
32 34 42
30 33 36
0 32 36
34 35 37
31 36 38
37 39 45
47 38 40
39 41 28
46 40 42
33 41 43
47 42 44
6 43 45
46 38 44
47 41 45
46 39 43
14 49 51
48 50 73
49 11 58
48 52 56
51 53 54
52 57 59
52 55 58
54 56 61
51 55 57
53 56 58
50 54 57
62 53 60
73 59 61
69 55 60
63 67 59
62 64 65
63 68 70
63 66 69
65 67 72
62 66 68
64 67 69
65 68 61
64 17 71
70 72 73
66 71 12
49 71 60
14
74
1 35 24
0 2 5
1 3 8
2 4 6
3 5 11
1 4 7
3 7 44
5 6 8
2 7 9
15 8 10
9 11 29
4 10 12
14 50 11
14 20 72
16 12 13
16 70 9
14 15 17
16 48 18
17 19 26
18 20 29
19 21 13
20 22 25
21 23 28
22 24 26
0 23 25
21 24 27
18 23 27
25 26 28
22 40 27
30 19 10
31 34 29
30 32 37
31 33 35
32 34 42
30 33 36
0 32 36
34 35 37
31 36 38
37 39 45
47 38 40
39 41 28
46 40 42
33 41 43
47 42 44
6 43 45
46 38 44
47 41 45
46 39 43
49 17 51
48 50 73
49 58 12
48 52 56
51 53 54
52 57 59
52 55 58
54 56 61
51 55 57
53 56 58
50 54 57
62 53 60
73 59 61
69 55 60
63 67 59
62 64 65
63 68 70
63 66 69
65 67 72
62 66 68
64 67 69
65 68 61
15 64 71
70 72 73
66 71 13
49 71 60
15
74
1 35 26
0 2 5
1 3 8
2 4 6
3 5 11
1 4 7
3 7 44
5 6 8
2 7 9
17 8 10
50 9 11
4 10 12
16 11 13
19 12 14
17 13 15
16 22 14
18 12 15
18 9 14
16 17 19
18 20 13
19 21 28
48 20 22
21 23 15
22 24 27
23 25 30
24 26 28
0 25 27
23 26 29
20 25 29
27 28 30
24 40 29
32 37 70
31 33 35
32 34 42
33 36 72
0 32 36
34 35 37
31 36 38
37 39 45
47 38 40
39 41 30
46 40 42
33 41 43
47 42 44
6 43 45
46 38 44
47 41 45
46 39 43
49 51 21
48 50 73
49 10 58
48 52 56
51 53 54
52 57 59
52 55 58
54 56 61
51 55 57
53 56 58
50 54 57
62 53 60
73 59 61
69 55 60
63 67 59
62 64 65
63 68 70
63 66 69
65 67 72
62 66 68
64 67 69
65 68 61
31 64 71
70 72 73
66 34 71
49 71 60
16
74
1 35 26
0 2 5
1 3 8
2 4 6
3 5 11
1 4 7
3 7 44
5 6 8
2 7 9
17 8 10
9 11 31
4 10 12
16 11 13
19 12 14
17 13 15
16 22 14
18 12 15
18 9 14
16 17 19
18 20 13
19 21 28
20 22 31
21 23 15
22 24 27
23 25 30
24 26 28
0 25 27
23 26 29
20 25 29
27 28 30
24 40 29
50 21 10
33 35 70
32 34 42
48 33 36
0 32 36
34 35 37
36 38 72
37 39 45
47 38 40
39 41 30
46 40 42
33 41 43
47 42 44
6 43 45
46 38 44
47 41 45
46 39 43
49 34 51
48 50 73
49 58 31
48 52 56
51 53 54
52 57 59
52 55 58
54 56 61
51 55 57
53 56 58
50 54 57
62 53 60
73 59 61
69 55 60
63 67 59
62 64 65
63 68 70
63 66 69
65 67 72
62 66 68
64 67 69
65 68 61
64 32 71
70 72 73
66 37 71
49 71 60
17
74
1 35 26
0 2 5
1 3 8
2 4 6
3 5 11
1 4 7
3 7 44
5 6 8
2 7 9
17 8 10
9 11 31
4 10 12
16 11 13
19 12 14
17 13 15
16 22 14
18 12 15
18 9 14
16 17 19
18 20 13
19 21 28
20 22 31
21 23 15
22 24 27
23 25 30
24 26 28
0 25 27
23 26 29
20 25 29
27 28 30
24 40 29
32 21 10
48 34 31
34 70 42
32 33 36
0 36 72
34 35 37
50 36 38
37 39 45
47 38 40
39 41 30
46 40 42
33 41 43
47 42 44
6 43 45
46 38 44
47 41 45
46 39 43
32 49 51
48 50 73
49 37 58
48 52 56
51 53 54
52 57 59
52 55 58
54 56 61
51 55 57
53 56 58
50 54 57
62 53 60
73 59 61
69 55 60
63 67 59
62 64 65
63 68 70
63 66 69
65 67 72
62 66 68
64 67 69
65 68 61
64 33 71
70 72 73
66 35 71
49 71 60
18
74
1 36 26
0 2 5
1 3 8
2 4 6
3 5 11
1 4 7
3 7 44
5 6 8
2 7 9
17 8 10
9 11 31
4 10 12
16 11 13
19 12 14
17 13 15
16 22 14
18 12 15
18 9 14
16 17 19
18 20 13
19 21 28
20 22 31
21 23 15
22 24 27
23 25 30
24 26 28
0 25 27
23 26 29
20 25 29
27 28 30
24 40 29
32 21 10
48 35 31
34 50 36
33 35 42
32 34 37
0 33 37
35 36 70
39 72 45
47 38 40
39 41 30
46 40 42
34 41 43
47 42 44
6 43 45
46 38 44
47 41 45
46 39 43
32 49 51
48 50 73
33 49 58
48 52 56
51 53 54
52 57 59
52 55 58
54 56 61
51 55 57
53 56 58
50 54 57
62 53 60
73 59 61
69 55 60
63 67 59
62 64 65
63 68 70
63 66 69
65 67 72
62 66 68
64 67 69
65 68 61
64 37 71
70 72 73
66 38 71
49 71 60
19
74
1 35 26
0 2 5
1 3 8
2 4 6
3 5 11
1 4 7
3 7 44
5 6 8
2 7 9
17 8 10
9 11 31
4 10 12
16 11 13
19 12 14
17 13 15
16 22 14
18 12 15
18 9 14
16 17 19
18 20 13
19 21 28
20 22 31
21 23 15
22 24 27
23 25 30
24 26 28
0 25 27
23 26 29
20 25 29
27 28 30
24 40 29
32 21 10
33 34 31
32 48 37
32 36 70
0 50 36
34 35 37
33 36 38
37 39 45
47 38 40
39 41 30
46 40 42
72 41 43
47 42 44
6 43 45
46 38 44
47 41 45
46 39 43
33 49 51
48 50 73
49 35 58
48 52 56
51 53 54
52 57 59
52 55 58
54 56 61
51 55 57
53 56 58
50 54 57
62 53 60
73 59 61
69 55 60
63 67 59
62 64 65
63 68 70
63 66 69
65 67 72
62 66 68
64 67 69
65 68 61
64 34 71
70 72 73
66 71 42
49 71 60
20
74
1 70 26
0 2 5
1 3 8
2 4 6
3 5 11
1 4 7
3 7 44
5 6 8
2 7 9
17 8 10
9 11 31
4 10 12
16 11 13
19 12 14
17 13 15
16 22 14
18 12 15
18 9 14
16 17 19
18 20 13
19 21 28
20 22 31
21 23 15
22 24 27
23 25 30
24 26 28
0 25 27
23 26 29
20 25 29
27 28 30
24 40 29
32 21 10
33 35 31
32 48 37
35 50 42
32 34 36
35 37 72
33 36 38
37 39 45
47 38 40
39 41 30
46 40 42
34 41 43
47 42 44
6 43 45
46 38 44
47 41 45
46 39 43
33 49 51
48 50 73
49 34 58
48 52 56
51 53 54
52 57 59
52 55 58
54 56 61
51 55 57
53 56 58
50 54 57
62 53 60
73 59 61
69 55 60
63 67 59
62 64 65
63 68 70
63 66 69
65 67 72
62 66 68
64 67 69
65 68 61
0 64 71
70 72 73
66 36 71
49 71 60
21
74
1 36 26
0 2 5
1 3 8
2 4 6
3 5 11
1 4 7
3 7 44
5 6 8
2 7 9
17 8 10
9 11 31
4 10 12
16 11 13
19 12 14
17 13 15
16 22 14
18 12 15
18 9 14
16 17 19
18 20 13
19 21 28
20 22 31
21 23 15
22 24 27
23 25 30
24 26 28
0 25 27
23 26 29
20 25 29
27 28 30
24 41 29
32 21 10
33 35 31
32 34 38
33 48 36
32 50 37
0 34 37
35 36 38
33 37 39
38 40 45
47 39 41
40 42 30
46 70 41
47 72 44
6 43 45
46 39 44
47 42 45
46 40 43
34 49 51
48 50 73
49 35 58
48 52 56
51 53 54
52 57 59
52 55 58
54 56 61
51 55 57
53 56 58
50 54 57
62 53 60
73 59 61
69 55 60
63 67 59
62 64 65
63 68 70
63 66 69
65 67 72
62 66 68
64 67 69
65 68 61
64 71 42
70 72 73
66 71 43
49 71 60
22
74
1 37 26
0 2 5
1 3 8
2 4 6
3 5 11
1 4 7
3 7 44
5 6 8
2 7 9
17 8 10
9 11 31
4 10 12
16 11 13
19 12 14
17 13 15
16 22 14
18 12 15
18 9 14
16 17 19
18 20 13
19 21 28
20 22 31
21 23 15
22 24 27
23 25 30
24 26 28
0 25 27
23 26 29
20 25 29
27 28 30
24 40 29
32 21 10
33 36 31
32 34 39
33 35 37
34 36 42
32 35 38
0 34 38
36 37 39
33 48 38
72 41 30
46 40 42
35 41 43
47 42 44
6 43 45
46 50 44
47 41 45
46 70 43
49 51 39
48 50 73
49 58 45
48 52 56
51 53 54
52 57 59
52 55 58
54 56 61
51 55 57
53 56 58
50 54 57
62 53 60
73 59 61
69 55 60
63 67 59
62 64 65
63 68 70
63 66 69
65 67 72
62 66 68
64 67 69
65 68 61
47 64 71
70 72 73
66 71 40
49 71 60
23
74
1 37 26
0 2 5
1 3 8
2 4 6
3 5 11
1 4 7
3 7 44
5 6 8
2 7 9
17 8 10
9 11 31
4 10 12
16 11 13
19 12 14
17 13 15
16 22 14
18 12 15
18 9 14
16 17 19
18 20 13
19 21 28
20 22 31
21 23 15
22 24 27
23 25 30
24 26 28
0 25 27
23 26 29
20 25 29
27 28 30
24 72 29
32 21 10
33 36 31
32 34 39
33 35 37
34 36 42
32 35 38
0 34 38
36 37 39
33 38 40
50 39 45
46 70 42
35 41 43
47 42 44
6 43 45
46 40 44
47 41 45
46 48 43
47 49 51
48 50 73
49 40 58
48 52 56
51 53 54
52 57 59
52 55 58
54 56 61
51 55 57
53 56 58
50 54 57
62 53 60
73 59 61
69 55 60
63 67 59
62 64 65
63 68 70
63 66 69
65 67 72
62 66 68
64 67 69
65 68 61
64 71 41
70 72 73
66 71 30
49 71 60
24
74
1 37 26
0 2 5
1 3 8
2 4 6
3 5 11
1 4 7
3 7 45
5 6 8
2 7 9
17 8 10
9 11 31
4 10 12
16 11 13
19 12 14
17 13 15
16 22 14
18 12 15
18 9 14
16 17 19
18 20 13
19 21 28
20 22 31
21 23 15
22 24 27
23 25 30
24 26 28
0 25 27
23 26 29
20 25 29
27 28 30
24 41 29
32 21 10
33 36 31
32 34 39
33 35 37
34 36 43
32 35 38
0 34 38
36 37 39
33 38 40
48 39 46
50 42 30
47 41 43
35 42 44
72 43 45
6 44 46
47 40 45
70 42 46
49 51 40
48 50 73
49 41 58
48 52 56
51 53 54
52 57 59
52 55 58
54 56 61
51 55 57
53 56 58
50 54 57
62 53 60
73 59 61
69 55 60
63 67 59
62 64 65
63 68 70
63 66 69
65 67 72
62 66 68
64 67 69
65 68 61
47 64 71
70 72 73
66 71 44
49 71 60
25
74
1 37 26
0 2 5
1 3 8
2 4 6
3 5 11
1 4 7
3 7 46
5 6 8
2 7 9
17 8 10
9 11 31
4 10 12
16 11 13
19 12 14
17 13 15
16 22 14
18 12 15
18 9 14
16 17 19
18 20 13
19 21 28
20 22 31
21 23 15
22 24 27
23 25 30
24 26 28
0 25 27
23 26 29
20 25 29
27 28 30
24 42 29
32 21 10
33 36 31
32 34 39
33 35 37
34 36 44
32 35 38
0 34 38
36 37 39
33 38 40
39 41 47
40 70 42
41 43 30
48 42 44
35 43 45
72 44 46
6 45 47
50 40 46
49 51 43
48 50 73
49 58 47
48 52 56
51 53 54
52 57 59
52 55 58
54 56 61
51 55 57
53 56 58
50 54 57
62 53 60
73 59 61
69 55 60
63 67 59
62 64 65
63 68 70
63 66 69
65 67 72
62 66 68
64 67 69
65 68 61
64 71 41
70 72 73
66 71 45
49 71 60
