9
1
70
31 1 66
0 2 5
1 3 4
2 68 40
30 2 44
46 1 39
7 12 13
6 8 11
34 7 9
8 10 13
9 11 12
31 7 10
33 6 10
30 6 9
15 20 21
14 16 19
15 17 37
16 18 21
17 19 20
15 18 34
14 18 36
14 17 33
23 28 29
22 24 27
23 40 25
24 26 29
25 27 28
37 23 26
22 39 26
36 22 25
32 4 13
0 32 11
30 31 43
35 21 12
19 35 8
33 34 43
20 38 29
16 38 27
36 37 42
5 41 28
3 24 41
39 40 42
38 41 43
32 35 42
47 4 45
46 69 44
5 54 45
48 52 44
47 49 50
48 53 55
48 51 54
50 52 57
47 51 53
49 52 54
46 50 53
49 56 58
69 55 57
65 51 56
63 55 59
58 60 61
64 66 59
62 65 59
63 68 61
62 64 58
63 65 60
64 57 61
0 67 60
66 68 69
62 67 3
67 56 45
2
70
1 4 44
0 31 2
1 3 5
2 4 68
0 3 40
46 2 39
7 12 13
6 8 11
34 7 9
8 10 13
9 11 12
31 7 10
33 6 10
30 6 9
15 20 21
14 16 19
15 17 37
16 18 21
17 19 20
15 18 34
14 18 36
14 17 33
23 28 29
22 24 27
23 40 25
24 26 29
25 27 28
37 23 26
22 39 26
36 22 25
32 66 13
1 32 11
30 31 43
35 21 12
19 35 8
33 34 43
20 38 29
16 38 27
36 37 42
5 41 28
4 24 41
39 40 42
38 41 43
32 35 42
47 0 45
46 69 44
5 54 45
48 52 44
47 49 50
48 53 55
48 51 54
50 52 57
47 51 53
49 52 54
46 50 53
49 56 58
69 55 57
65 51 56
63 55 59
58 60 61
64 66 59
62 65 59
63 68 61
62 64 58
63 65 60
64 57 61
30 67 60
66 68 69
62 3 67
67 56 45
3
70
1 5 6
0 4 44
46 3 6
2 4 5
1 3 40
0 31 3
0 2 39
8 13 14
7 9 12
34 8 10
9 11 14
10 12 13
68 8 11
33 7 11
31 7 10
16 21 22
15 17 20
16 18 37
17 19 22
18 20 21
16 19 34
15 19 36
15 18 33
24 29 30
23 25 28
24 40 26
25 27 30
26 28 29
37 24 27
23 39 27
36 23 26
32 5 14
31 66 43
35 22 13
20 35 9
33 34 43
21 38 30
17 38 28
36 37 42
6 41 29
4 25 41
39 40 42
38 41 43
32 35 42
47 1 45
46 69 44
2 54 45
48 52 44
47 49 50
48 53 55
48 51 54
50 52 57
47 51 53
49 52 54
46 50 53
49 56 58
69 55 57
65 51 56
63 55 59
58 60 61
64 66 59
62 65 59
63 68 61
62 64 58
63 65 60
64 57 61
32 67 60
66 68 69
62 67 12
67 56 45
4
70
1 6 7
0 2 5
1 31 3
2 4 7
3 5 6
1 4 40
0 30 4
0 3 39
34 66 9
8 10 13
9 11 12
31 68 10
33 10 44
30 46 9
15 20 21
14 16 19
15 17 37
16 18 21
17 19 20
15 18 34
14 18 36
14 17 33
23 28 29
22 24 27
23 40 25
24 26 29
25 27 28
37 23 26
22 39 26
36 22 25
32 6 13
2 32 11
30 31 43
35 21 12
19 35 8
33 34 43
20 38 29
16 38 27
36 37 42
7 41 28
5 24 41
39 40 42
38 41 43
32 35 42
47 12 45
46 69 44
54 45 13
48 52 44
47 49 50
48 53 55
48 51 54
50 52 57
47 51 53
49 52 54
46 50 53
49 56 58
69 55 57
65 51 56
63 55 59
58 60 61
64 66 59
62 65 59
63 68 61
62 64 58
63 65 60
64 57 61
67 8 60
66 68 69
62 67 11
67 56 45
5
70
1 6 7
0 2 5
1 31 3
2 4 7
3 5 6
1 4 40
0 30 4
0 3 39
9 12 44
34 8 10
9 11 13
68 10 12
31 8 11
30 46 10
15 20 21
14 16 19
15 17 37
16 18 21
17 19 20
15 18 34
14 18 36
14 17 33
23 28 29
22 24 27
23 40 25
24 26 29
25 27 28
37 23 26
22 39 26
36 22 25
32 6 13
2 32 12
30 31 43
66 35 21
19 35 9
33 34 43
20 38 29
16 38 27
36 37 42
7 41 28
5 24 41
39 40 42
38 41 43
32 35 42
47 8 45
46 69 44
54 45 13
48 52 44
47 49 50
48 53 55
48 51 54
50 52 57
47 51 53
49 52 54
46 50 53
49 56 58
69 55 57
65 51 56
63 55 59
58 60 61
64 66 59
62 65 59
63 68 61
62 64 58
63 65 60
64 57 61
33 67 60
66 68 69
62 67 11
67 56 45
6
70
1 6 7
0 2 5
1 32 3
2 4 7
3 5 6
1 4 40
0 31 4
0 3 39
9 13 14
8 12 44
46 11 14
10 12 13
32 9 11
34 8 11
31 8 10
16 21 22
15 17 20
16 18 37
17 19 22
18 20 21
16 19 66
15 19 36
15 18 34
24 29 30
23 25 28
24 40 26
25 27 30
26 28 29
37 24 27
23 39 27
36 23 26
33 6 14
2 33 12
31 32 43
35 22 13
34 68 43
21 38 30
17 38 28
36 37 42
7 41 29
5 25 41
39 40 42
38 41 43
33 35 42
47 9 45
46 69 44
54 10 45
48 52 44
47 49 50
48 53 55
48 51 54
50 52 57
47 51 53
49 52 54
46 50 53
49 56 58
69 55 57
65 51 56
63 55 59
58 60 61
64 66 59
62 65 59
63 68 61
62 64 58
63 65 60
64 57 61
67 20 60
66 68 69
62 67 35
67 56 45
7
70
1 6 7
0 2 5
1 32 3
2 4 7
3 5 6
1 4 40
0 4 44
0 3 39
9 14 15
8 10 13
34 9 11
10 12 15
11 13 14
32 9 12
33 8 12
46 8 11
17 22 23
16 18 21
17 19 37
18 20 23
19 21 22
17 20 34
16 20 36
16 19 33
25 30 31
24 26 29
25 40 27
26 28 31
27 29 30
37 25 28
24 39 28
36 24 27
2 66 13
35 23 14
21 35 10
33 34 43
22 38 31
18 38 29
36 37 42
7 41 30
5 26 41
39 40 42
38 41 43
35 68 42
47 6 45
46 69 44
54 45 15
48 52 44
47 49 50
48 53 55
48 51 54
50 52 57
47 51 53
49 52 54
46 50 53
49 56 58
69 55 57
65 51 56
63 55 59
58 60 61
64 66 59
62 65 59
63 68 61
62 64 58
63 65 60
64 57 61
32 67 60
66 68 69
62 67 43
67 56 45
8
70
1 6 7
0 2 5
1 33 3
2 4 7
3 5 6
1 4 41
0 32 4
0 3 40
9 14 15
8 10 13
35 9 11
10 12 15
11 13 14
33 9 12
34 8 12
32 8 11
17 22 23
16 18 21
17 19 38
18 20 23
19 21 22
17 20 35
16 20 37
16 19 34
25 30 31
24 26 29
25 41 27
26 28 31
27 29 30
38 25 28
24 40 28
37 24 27
6 44 15
46 2 13
36 23 14
21 36 10
34 35 66
22 39 31
18 39 29
37 38 43
7 42 30
5 26 42
40 41 43
68 39 42
32 47 45
46 69 44
33 54 45
48 52 44
47 49 50
48 53 55
48 51 54
50 52 57
47 51 53
49 52 54
46 50 53
49 56 58
69 55 57
65 51 56
63 55 59
58 60 61
64 66 59
62 65 59
63 68 61
62 64 58
63 65 60
64 57 61
67 36 60
66 68 69
62 67 43
67 56 45
9
70
1 6 7
0 2 5
1 33 3
2 4 7
3 5 6
1 4 42
0 32 4
0 3 41
9 14 15
8 10 13
36 9 11
10 12 15
11 13 14
33 9 12
35 8 12
32 8 11
17 22 23
16 18 21
17 19 39
18 20 23
19 21 22
17 20 36
16 20 38
16 19 35
25 30 31
24 26 29
25 42 27
26 28 31
27 29 30
39 25 28
24 41 28
38 24 27
34 6 15
2 34 13
32 33 66
37 23 14
21 37 10
35 36 68
22 40 31
18 40 29
38 39 44
7 43 30
5 26 43
46 41 42
47 40 45
46 69 44
54 43 45
48 52 44
47 49 50
48 53 55
48 51 54
50 52 57
47 51 53
49 52 54
46 50 53
49 56 58
69 55 57
65 51 56
63 55 59
58 60 61
64 66 59
62 65 59
63 68 61
62 64 58
63 65 60
64 57 61
34 67 60
66 68 69
62 67 37
67 56 45
