27
1
106
16 2 27
3 49 2
0 1 38
4 1 60
3 5 71
82 4 6
104 5 93
8 12 103
10 7 9
8 13 15
8 14 11
10 12 17
13 7 11
12 14 9
10 13 105
16 18 9
0 15 17
25 16 11
19 15 23
20 18 21
19 26 24
19 25 22
28 21 23
22 18 24
20 25 23
21 24 17
20 29 27
0 28 26
22 27 36
30 34 26
31 29 32
30 35 37
30 33 36
34 39 32
35 29 33
31 34 36
28 35 32
31 40 38
37 39 2
47 33 38
41 37 45
42 40 43
41 48 46
47 44 41
50 45 43
44 40 46
47 42 45
39 43 46
42 51 49
50 1 48
44 49 58
52 48 56
51 54 53
57 52 59
52 55 58
61 56 54
57 51 55
56 58 53
57 50 54
60 62 53
61 3 59
69 60 55
63 67 59
64 62 65
63 70 68
63 69 66
72 67 65
66 62 68
69 67 64
61 68 65
73 64 71
72 4 70
66 80 71
74 70 78
75 73 76
81 74 79
74 77 80
83 76 78
77 73 79
75 80 78
72 76 79
84 82 75
81 5 83
82 77 91
81 85 89
87 84 86
85 90 92
88 85 91
87 89 94
84 88 90
86 89 91
87 90 83
86 95 93
92 6 94
88 102 93
100 92 96
97 95 98
101 96 103
99 96 102
100 105 98
101 95 99
100 97 102
101 94 98
104 97 7
105 6 103
104 99 14
2
106
16 2 27
3 49 2
0 1 38
4 1 60
3 71 6
82 6 93
104 4 5
8 12 103
10 7 9
8 13 15
8 14 11
10 12 17
13 7 11
12 9 14
10 13 105
16 18 9
0 15 17
25 16 11
19 15 23
20 18 21
19 26 24
19 25 22
28 21 23
22 18 24
20 25 23
21 24 17
20 29 27
0 28 26
22 27 36
30 34 26
31 29 32
30 35 37
30 33 36
34 39 32
35 29 33
31 34 36
28 35 32
31 40 38
39 37 2
47 33 38
41 37 45
42 40 43
41 48 46
47 44 41
50 43 45
44 40 46
47 42 45
39 43 46
42 51 49
50 48 1
44 49 58
52 48 56
51 54 53
57 52 59
52 55 58
61 56 54
57 51 55
56 58 53
57 50 54
60 62 53
61 3 59
69 60 55
63 67 59
64 62 65
63 70 68
63 69 66
72 67 65
66 62 68
69 67 64
61 68 65
73 64 71
72 4 70
66 80 71
74 70 78
75 73 76
81 74 79
74 77 80
83 76 78
77 73 79
75 80 78
72 76 79
84 82 75
81 5 83
82 77 91
81 85 89
87 84 86
85 92 90
88 85 91
94 87 89
84 88 90
86 89 91
87 90 83
86 95 93
94 5 92
88 102 93
100 92 96
97 95 98
101 96 103
99 96 102
100 105 98
101 95 99
100 97 102
94 101 98
104 97 7
105 6 103
104 99 14
3
106
16 2 27
3 49 2
0 1 38
1 60 6
82 6 71
104 6 93
3 4 5
8 12 103
10 7 9
8 13 15
8 14 11
10 12 17
13 7 11
12 14 9
10 13 105
16 18 9
0 15 17
25 16 11
19 15 23
20 21 18
19 26 24
19 25 22
28 21 23
22 18 24
20 25 23
21 24 17
20 29 27
0 28 26
22 27 36
34 30 26
31 29 32
30 35 37
30 33 36
34 39 32
35 29 33
34 31 36
28 35 32
31 38 40
37 39 2
33 38 47
41 37 45
42 40 43
41 48 46
44 41 47
50 45 43
44 40 46
42 45 47
39 43 46
42 51 49
50 1 48
44 49 58
52 48 56
51 54 53
57 52 59
52 55 58
61 56 54
57 51 55
56 58 53
50 57 54
60 62 53
61 3 59
69 60 55
63 67 59
64 62 65
63 70 68
63 69 66
72 67 65
66 62 68
69 67 64
61 68 65
73 64 71
72 70 4
80 66 71
70 74 78
75 73 76
81 74 79
74 77 80
83 76 78
77 73 79
80 75 78
72 76 79
84 82 75
81 4 83
82 77 91
81 85 89
87 84 86
90 85 92
88 85 91
87 89 94
84 88 90
86 89 91
87 90 83
86 95 93
92 5 94
88 102 93
100 92 96
97 95 98
101 96 103
99 96 102
100 105 98
101 95 99
100 97 102
101 94 98
104 97 7
105 5 103
104 14 99
4
106
16 2 27
3 49 2
0 1 38
1 60 5
82 6 71
104 3 6
4 5 93
8 12 103
10 7 9
8 13 15
8 14 11
10 12 17
13 7 11
12 14 9
10 13 105
16 18 9
0 15 17
25 16 11
19 15 23
20 18 21
19 26 24
19 25 22
28 21 23
22 18 24
20 25 23
21 24 17
20 29 27
0 28 26
22 27 36
30 34 26
31 29 32
30 35 37
30 33 36
34 39 32
35 29 33
31 34 36
28 35 32
31 38 40
37 39 2
47 33 38
41 37 45
42 43 40
41 48 46
47 44 41
50 43 45
44 40 46
47 42 45
39 43 46
42 51 49
50 1 48
44 49 58
52 48 56
51 54 53
57 52 59
52 55 58
61 56 54
57 51 55
56 58 53
57 50 54
60 62 53
61 3 59
69 60 55
63 67 59
64 62 65
63 70 68
63 69 66
72 67 65
66 62 68
69 67 64
61 68 65
73 64 71
72 4 70
66 80 71
74 70 78
75 73 76
81 74 79
74 77 80
83 76 78
77 73 79
75 80 78
72 76 79
84 82 75
81 4 83
82 77 91
81 85 89
87 84 86
85 90 92
88 85 91
87 89 94
84 88 90
86 89 91
87 90 83
86 95 93
92 6 94
88 102 93
100 92 96
97 95 98
101 96 103
99 96 102
100 105 98
101 95 99
100 97 102
101 94 98
104 97 7
105 5 103
104 99 14
5
106
16 2 27
3 49 2
0 1 38
1 60 5
82 6 93
104 3 6
4 71 5
8 12 103
10 7 9
8 13 15
8 14 11
10 12 17
13 7 11
12 14 9
10 13 105
16 18 9
0 15 17
25 16 11
19 15 23
20 18 21
19 26 24
19 25 22
28 21 23
22 18 24
20 25 23
21 24 17
20 29 27
0 28 26
22 27 36
30 34 26
31 29 32
30 35 37
30 33 36
34 39 32
35 29 33
31 34 36
28 35 32
31 38 40
37 39 2
47 33 38
41 37 45
42 43 40
41 48 46
47 44 41
50 43 45
44 40 46
47 42 45
39 43 46
42 51 49
50 1 48
44 49 58
52 48 56
51 54 53
57 52 59
52 55 58
61 56 54
57 51 55
56 58 53
57 50 54
60 62 53
61 3 59
69 60 55
63 67 59
64 62 65
63 70 68
63 69 66
72 67 65
66 62 68
69 67 64
61 68 65
73 64 71
72 70 6
66 80 71
74 70 78
75 73 76
81 74 79
74 77 80
83 76 78
77 73 79
75 80 78
72 76 79
84 82 75
81 4 83
82 77 91
81 85 89
87 84 86
85 90 92
88 85 91
87 89 94
84 88 90
86 89 91
87 90 83
86 95 93
4 92 94
88 102 93
100 92 96
97 95 98
101 96 103
99 96 102
100 105 98
101 95 99
100 97 102
101 94 98
104 97 7
105 5 103
104 99 14
6
106
16 2 27
5 49 2
0 1 38
5 60 71
82 5 6
3 4 1
93 104 4
8 12 103
10 7 9
8 13 15
8 14 11
10 12 17
13 7 11
12 9 14
10 13 105
16 18 9
0 15 17
25 16 11
19 15 23
20 18 21
19 26 24
19 25 22
28 21 23
22 18 24
20 25 23
21 24 17
20 29 27
0 28 26
22 27 36
30 34 26
31 29 32
30 35 37
30 33 36
34 39 32
35 29 33
31 34 36
28 35 32
31 40 38
37 39 2
47 33 38
41 37 45
42 40 43
46 41 48
47 44 41
50 45 43
46 44 40
47 42 45
46 39 43
42 51 49
50 1 48
44 49 58
52 48 56
51 54 53
57 52 59
52 55 58
61 56 54
57 51 55
56 58 53
57 50 54
60 62 53
61 3 59
69 60 55
63 67 59
65 64 62
63 70 68
63 69 66
65 72 67
66 62 68
69 67 64
65 61 68
73 64 71
72 3 70
66 80 71
74 70 78
75 73 76
81 74 79
74 77 80
83 76 78
77 73 79
75 80 78
72 76 79
82 84 75
81 4 83
91 82 77
81 85 89
87 84 86
85 90 92
91 88 85
94 87 89
84 88 90
91 86 89
87 90 83
93 86 95
94 92 6
93 88 102
100 92 96
97 95 98
101 96 103
99 96 102
100 105 98
101 95 99
100 97 102
94 101 98
104 97 7
105 6 103
104 99 14
7
106
16 2 27
5 49 2
0 1 38
5 60 71
82 6 93
3 1 6
104 4 5
8 12 103
10 7 9
8 13 15
8 14 11
10 12 17
13 7 11
12 9 14
10 13 105
16 18 9
0 15 17
25 16 11
19 15 23
20 18 21
19 26 24
19 25 22
28 21 23
22 18 24
20 25 23
21 24 17
20 29 27
0 28 26
22 27 36
30 34 26
31 29 32
30 35 37
30 33 36
34 39 32
35 29 33
31 34 36
28 35 32
31 40 38
39 37 2
47 33 38
41 37 45
42 40 43
41 48 46
47 44 41
50 43 45
44 40 46
47 42 45
39 43 46
42 51 49
50 48 1
44 49 58
52 48 56
51 54 53
57 52 59
52 55 58
61 56 54
57 51 55
56 58 53
57 50 54
60 62 53
61 3 59
69 60 55
63 67 59
64 62 65
63 70 68
63 69 66
72 67 65
66 62 68
69 67 64
61 68 65
73 64 71
72 3 70
66 80 71
74 70 78
75 73 76
81 74 79
74 77 80
83 76 78
77 73 79
75 80 78
72 76 79
84 82 75
81 4 83
82 77 91
81 85 89
87 84 86
85 92 90
88 85 91
94 87 89
84 88 90
86 89 91
87 90 83
86 95 93
94 4 92
88 102 93
100 92 96
97 95 98
101 96 103
99 96 102
100 105 98
101 95 99
100 97 102
94 101 98
104 97 7
105 6 103
104 99 14
8
106
16 2 27
5 49 2
0 1 38
6 60 71
93 104 5
1 6 4
82 3 5
8 12 103
10 7 9
8 13 15
8 14 11
10 12 17
13 7 11
12 14 9
10 13 105
16 18 9
0 15 17
25 16 11
19 15 23
20 18 21
19 26 24
19 25 22
28 21 23
22 18 24
20 25 23
21 24 17
20 29 27
0 28 26
22 27 36
34 30 26
31 29 32
30 35 37
30 33 36
34 39 32
35 29 33
34 31 36
28 35 32
31 38 40
37 39 2
47 33 38
41 37 45
42 40 43
46 41 48
47 44 41
50 45 43
46 44 40
47 42 45
46 39 43
42 51 49
50 1 48
44 49 58
52 48 56
51 54 53
57 52 59
52 55 58
61 56 54
57 51 55
56 58 53
57 50 54
60 62 53
61 3 59
69 60 55
63 67 59
65 64 62
63 70 68
63 69 66
65 72 67
66 62 68
69 67 64
65 61 68
73 64 71
72 3 70
80 66 71
74 70 78
75 73 76
81 74 79
74 77 80
83 76 78
77 73 79
80 75 78
72 76 79
82 84 75
81 6 83
91 82 77
81 85 89
87 84 86
90 85 92
91 88 85
87 89 94
84 88 90
91 86 89
87 90 83
93 86 95
92 4 94
93 88 102
100 92 96
97 95 98
101 96 103
99 96 102
100 105 98
101 95 99
100 97 102
101 94 98
104 97 7
105 4 103
104 14 99
9
106
16 2 27
49 2 4
0 1 38
6 60 71
104 1 6
93 82 6
3 5 4
8 12 103
10 7 9
8 13 15
8 14 11
10 12 17
13 7 11
12 14 9
10 13 105
16 18 9
0 15 17
25 16 11
19 15 23
20 18 21
19 26 24
19 25 22
28 21 23
22 18 24
20 25 23
21 24 17
20 29 27
0 28 26
22 27 36
34 30 26
31 29 32
30 35 37
30 33 36
34 39 32
35 29 33
34 31 36
28 35 32
31 38 40
39 2 37
47 33 38
41 37 45
42 43 40
46 41 48
47 44 41
50 43 45
46 44 40
47 42 45
46 39 43
42 51 49
50 1 48
44 49 58
52 48 56
51 54 53
57 52 59
52 55 58
61 56 54
57 51 55
56 58 53
57 50 54
60 62 53
61 3 59
69 60 55
63 67 59
65 64 62
63 70 68
63 69 66
65 72 67
66 62 68
69 67 64
65 61 68
73 64 71
72 3 70
80 66 71
74 70 78
75 73 76
81 74 79
74 77 80
83 76 78
77 73 79
80 75 78
72 76 79
82 84 75
81 5 83
91 82 77
81 85 89
87 84 86
90 85 92
91 88 85
87 89 94
84 88 90
91 86 89
87 90 83
93 86 95
5 92 94
93 88 102
100 92 96
97 95 98
101 96 103
99 96 102
100 105 98
101 95 99
100 97 102
101 94 98
104 97 7
105 4 103
104 14 99
10
106
16 2 27
5 49 2
0 1 38
82 6 71
93 104 5
1 6 4
3 5 60
8 12 103
10 7 9
8 13 15
8 14 11
10 12 17
13 7 11
12 14 9
10 13 105
16 18 9
0 15 17
25 16 11
19 15 23
20 18 21
19 26 24
19 25 22
28 21 23
22 18 24
20 25 23
21 24 17
20 29 27
0 28 26
22 27 36
34 30 26
31 29 32
30 35 37
30 33 36
34 39 32
35 29 33
34 31 36
28 35 32
31 38 40
37 39 2
47 33 38
41 37 45
42 40 43
46 41 48
47 44 41
50 45 43
46 44 40
47 42 45
46 39 43
42 51 49
50 1 48
44 49 58
52 48 56
51 54 53
57 52 59
52 55 58
61 56 54
57 51 55
56 58 53
57 50 54
60 62 53
61 6 59
69 60 55
63 67 59
65 64 62
63 70 68
63 69 66
65 72 67
66 62 68
69 67 64
65 61 68
73 64 71
72 3 70
80 66 71
74 70 78
75 73 76
81 74 79
74 77 80
83 76 78
77 73 79
80 75 78
72 76 79
82 84 75
81 3 83
91 82 77
81 85 89
87 84 86
90 85 92
91 88 85
87 89 94
84 88 90
91 86 89
87 90 83
93 86 95
92 4 94
93 88 102
100 92 96
97 95 98
101 96 103
99 96 102
100 105 98
101 95 99
100 97 102
101 94 98
104 97 7
105 4 103
104 14 99
11
106
16 2 27
49 2 6
0 1 38
82 5 71
93 5 6
3 4 60
104 4 1
8 12 103
10 7 9
8 13 15
8 14 11
10 12 17
13 7 11
12 9 14
10 13 105
16 18 9
0 15 17
25 16 11
19 15 23
20 18 21
19 26 24
19 25 22
28 21 23
22 18 24
20 25 23
21 24 17
20 29 27
0 28 26
22 27 36
30 34 26
31 29 32
30 35 37
30 33 36
34 39 32
35 29 33
31 34 36
28 35 32
31 38 40
37 39 2
47 33 38
41 37 45
42 43 40
46 41 48
47 44 41
50 43 45
46 44 40
47 42 45
46 39 43
42 51 49
50 1 48
44 49 58
52 48 56
51 54 53
57 52 59
52 55 58
61 56 54
57 51 55
56 58 53
57 50 54
60 62 53
61 5 59
69 60 55
63 67 59
65 64 62
63 70 68
63 69 66
65 72 67
66 62 68
69 67 64
65 61 68
73 64 71
72 3 70
66 80 71
74 70 78
75 73 76
81 74 79
74 77 80
83 76 78
77 73 79
75 80 78
72 76 79
82 84 75
81 3 83
91 82 77
81 85 89
87 84 86
85 90 92
91 88 85
94 87 89
84 88 90
91 86 89
87 90 83
93 86 95
94 4 92
93 88 102
100 92 96
97 95 98
101 96 103
99 96 102
100 105 98
101 95 99
100 97 102
94 101 98
104 97 7
105 6 103
104 99 14
12
106
16 2 27
49 2 6
0 1 38
82 5 71
5 60 6
93 3 4
104 4 1
8 12 103
10 7 9
8 13 15
8 14 11
10 12 17
13 7 11
12 9 14
10 13 105
16 18 9
0 15 17
25 16 11
19 15 23
20 18 21
19 26 24
19 25 22
28 21 23
22 18 24
20 25 23
21 24 17
20 29 27
0 28 26
22 27 36
30 34 26
31 29 32
30 35 37
30 33 36
34 39 32
35 29 33
31 34 36
28 35 32
31 38 40
37 39 2
47 33 38
41 37 45
42 43 40
46 41 48
47 44 41
50 43 45
46 44 40
47 42 45
46 39 43
42 51 49
50 1 48
44 49 58
52 56 48
51 54 53
57 52 59
52 55 58
61 56 54
57 51 55
56 58 53
57 50 54
60 62 53
61 4 59
69 60 55
63 67 59
65 64 62
63 70 68
63 69 66
65 72 67
66 62 68
69 67 64
65 61 68
73 64 71
72 3 70
66 80 71
74 70 78
75 73 76
81 74 79
74 77 80
83 76 78
77 73 79
75 80 78
72 76 79
82 84 75
81 3 83
91 82 77
81 85 89
87 84 86
85 90 92
91 88 85
94 87 89
84 88 90
91 86 89
87 90 83
93 86 95
94 5 92
93 88 102
100 92 96
97 95 98
101 96 103
99 96 102
100 105 98
101 95 99
100 97 102
94 101 98
104 97 7
105 6 103
104 99 14
13
106
16 2 27
49 2 6
0 1 38
93 82 5
5 60 6
3 4 71
104 4 1
8 12 103
10 7 9
8 13 15
8 14 11
10 12 17
13 7 11
12 9 14
10 13 105
16 18 9
0 15 17
25 16 11
19 15 23
20 18 21
19 26 24
19 25 22
28 21 23
22 18 24
20 25 23
21 24 17
20 29 27
0 28 26
22 27 36
30 34 26
31 29 32
30 35 37
30 33 36
34 39 32
35 29 33
31 34 36
28 35 32
31 38 40
37 39 2
47 33 38
41 37 45
42 43 40
46 41 48
47 44 41
50 43 45
46 44 40
47 42 45
46 39 43
42 51 49
50 1 48
44 49 58
52 56 48
51 54 53
57 52 59
52 55 58
61 56 54
57 51 55
56 58 53
57 50 54
60 62 53
61 4 59
69 60 55
63 67 59
65 64 62
63 70 68
63 69 66
65 72 67
66 62 68
69 67 64
65 61 68
73 64 71
72 70 5
66 80 71
74 70 78
75 73 76
81 74 79
74 77 80
83 76 78
77 73 79
75 80 78
72 76 79
82 84 75
81 3 83
91 82 77
81 85 89
87 84 86
85 90 92
91 88 85
94 87 89
84 88 90
91 86 89
87 90 83
93 86 95
94 3 92
93 88 102
100 92 96
97 95 98
101 96 103
99 96 102
100 105 98
101 95 99
100 97 102
94 101 98
104 97 7
105 6 103
104 99 14
14
106
16 2 27
4 60 49
0 4 38
4 71 6
1 2 3
82 6 93
104 5 3
8 12 103
10 7 9
8 13 15
8 14 11
10 12 17
13 7 11
12 9 14
10 13 105
16 18 9
0 15 17
25 16 11
19 15 23
21 20 18
19 26 24
19 25 22
28 21 23
22 18 24
20 25 23
21 24 17
20 29 27
0 28 26
22 27 36
34 26 30
29 32 31
35 37 30
33 36 30
34 39 32
35 29 33
34 36 31
28 35 32
40 38 31
39 37 2
47 33 38
41 37 45
42 43 40
41 48 46
47 44 41
50 43 45
44 40 46
47 42 45
39 43 46
42 51 49
50 48 1
44 49 58
52 48 56
51 54 53
57 52 59
52 55 58
61 56 54
57 51 55
56 58 53
57 50 54
60 62 53
61 1 59
69 60 55
63 67 59
64 62 65
63 70 68
63 69 66
72 67 65
66 62 68
69 67 64
61 68 65
73 64 71
72 70 3
66 80 71
74 70 78
73 76 75
81 74 79
74 77 80
83 76 78
77 73 79
80 75 78
72 76 79
84 82 75
81 5 83
82 77 91
81 85 89
87 84 86
85 92 90
88 85 91
94 87 89
84 88 90
86 89 91
87 90 83
86 95 93
94 5 92
88 102 93
100 92 96
97 95 98
101 96 103
99 96 102
100 105 98
101 99 95
100 97 102
94 101 98
104 97 7
105 6 103
104 99 14
15
106
16 2 27
5 60 49
0 5 38
82 6 71
104 6 93
1 2 6
5 4 3
8 12 103
10 7 9
8 13 15
8 14 11
10 12 17
13 7 11
12 14 9
10 13 105
16 18 9
0 15 17
25 16 11
19 15 23
21 20 18
19 26 24
19 25 22
28 21 23
22 18 24
20 25 23
21 24 17
20 29 27
0 28 26
22 27 36
34 26 30
29 32 31
35 37 30
33 36 30
34 39 32
35 29 33
34 36 31
28 35 32
38 40 31
37 39 2
33 38 47
41 37 45
42 40 43
41 48 46
44 41 47
50 45 43
44 40 46
42 45 47
39 46 43
42 51 49
50 1 48
44 49 58
52 48 56
51 54 53
57 52 59
52 55 58
61 56 54
57 51 55
56 58 53
50 57 54
60 62 53
61 1 59
69 60 55
63 67 59
64 62 65
63 70 68
63 69 66
72 67 65
66 62 68
69 67 64
61 68 65
73 64 71
72 70 3
66 80 71
70 74 78
73 75 76
81 74 79
74 77 80
83 76 78
77 73 79
80 75 78
72 76 79
84 82 75
81 83 3
82 77 91
81 85 89
87 84 86
85 90 92
88 85 91
87 89 94
84 88 90
86 89 91
87 90 83
86 95 93
92 4 94
88 102 93
100 92 96
97 95 98
101 96 103
99 96 102
100 105 98
101 95 99
100 97 102
101 94 98
104 97 7
105 4 103
104 99 14
16
106
16 2 27
5 60 49
0 5 38
82 6 93
104 5 6
1 2 4
71 4 3
8 12 103
10 7 9
8 13 15
8 14 11
10 12 17
13 7 11
12 14 9
10 13 105
16 18 9
0 15 17
25 16 11
19 15 23
21 20 18
19 26 24
19 25 22
28 21 23
22 18 24
20 25 23
21 24 17
20 29 27
0 28 26
22 27 36
34 26 30
29 32 31
35 37 30
33 36 30
34 39 32
35 29 33
34 36 31
28 35 32
38 40 31
37 39 2
47 33 38
41 37 45
42 43 40
41 48 46
47 44 41
50 43 45
44 40 46
47 42 45
39 43 46
42 51 49
50 1 48
44 49 58
52 48 56
51 54 53
57 52 59
52 55 58
61 56 54
57 51 55
56 58 53
57 50 54
60 62 53
61 1 59
69 60 55
63 67 59
64 62 65
63 70 68
63 69 66
72 67 65
66 62 68
69 67 64
61 68 65
73 64 71
72 70 6
66 80 71
74 70 78
73 76 75
81 74 79
74 77 80
83 76 78
77 73 79
80 75 78
72 76 79
84 82 75
81 83 3
82 77 91
81 85 89
87 84 86
85 92 90
88 85 91
87 89 94
84 88 90
86 89 91
87 90 83
86 95 93
92 3 94
88 102 93
100 92 96
97 95 98
101 96 103
99 96 102
100 105 98
101 95 99
100 97 102
101 94 98
104 97 7
105 4 103
104 99 14
17
106
16 2 27
5 60 49
0 4 38
82 4 6
3 5 2
4 1 71
93 104 3
8 12 103
10 7 9
8 13 15
8 14 11
10 12 17
13 7 11
12 9 14
10 13 105
16 18 9
0 15 17
25 16 11
19 15 23
20 18 21
19 26 24
19 25 22
28 21 23
22 18 24
20 25 23
21 24 17
20 29 27
0 28 26
22 27 36
30 34 26
31 29 32
30 35 37
30 33 36
34 39 32
35 29 33
31 34 36
28 35 32
31 40 38
37 39 2
47 33 38
41 37 45
42 40 43
46 41 48
47 44 41
50 45 43
46 44 40
47 42 45
46 39 43
42 51 49
50 1 48
44 49 58
52 48 56
51 54 53
57 52 59
52 55 58
61 56 54
57 51 55
56 58 53
57 50 54
60 62 53
61 1 59
69 60 55
63 67 59
65 64 62
63 70 68
63 69 66
65 72 67
66 62 68
69 67 64
65 61 68
73 64 71
72 5 70
66 80 71
74 70 78
75 73 76
74 81 79
74 77 80
83 76 78
77 73 79
75 80 78
72 76 79
82 84 75
81 3 83
91 82 77
81 85 89
87 84 86
85 90 92
91 88 85
94 87 89
84 88 90
91 86 89
87 90 83
93 86 95
94 92 6
93 88 102
100 92 96
97 95 98
101 96 103
99 96 102
100 105 98
101 95 99
100 97 102
94 101 98
104 97 7
105 6 103
104 99 14
18
106
16 2 27
5 60 49
0 4 38
82 6 93
5 2 6
4 1 71
104 3 4
8 12 103
10 7 9
8 13 15
8 14 11
10 12 17
13 7 11
12 9 14
10 13 105
16 18 9
0 15 17
25 16 11
19 15 23
20 18 21
19 26 24
19 25 22
28 21 23
22 18 24
20 25 23
21 24 17
20 29 27
0 28 26
22 27 36
30 34 26
31 29 32
30 35 37
30 33 36
34 39 32
35 29 33
31 34 36
28 35 32
31 40 38
39 37 2
47 33 38
41 37 45
42 40 43
41 48 46
47 44 41
50 43 45
44 40 46
47 42 45
39 43 46
42 51 49
50 48 1
44 49 58
52 48 56
51 54 53
57 52 59
52 55 58
61 56 54
57 51 55
56 58 53
57 50 54
60 62 53
61 1 59
69 60 55
63 67 59
64 62 65
63 70 68
63 69 66
72 67 65
66 62 68
69 67 64
61 68 65
73 64 71
72 5 70
66 80 71
74 70 78
75 73 76
81 74 79
74 77 80
83 76 78
77 73 79
75 80 78
72 76 79
84 82 75
81 3 83
82 77 91
81 85 89
87 84 86
85 92 90
88 85 91
94 87 89
84 88 90
86 89 91
87 90 83
86 95 93
94 3 92
88 102 93
100 92 96
97 95 98
101 96 103
99 96 102
100 105 98
101 95 99
100 97 102
94 101 98
104 97 7
105 6 103
104 99 14
19
106
16 2 27
60 49 6
0 4 38
93 104 4
6 2 3
82 6 71
4 5 1
8 12 103
10 7 9
8 13 15
8 14 11
10 12 17
13 7 11
12 9 14
10 13 105
16 18 9
0 15 17
25 16 11
19 15 23
21 20 18
19 26 24
19 25 22
28 21 23
22 18 24
20 25 23
21 24 17
20 29 27
0 28 26
22 27 36
30 34 26
31 29 32
30 35 37
30 33 36
34 39 32
35 29 33
31 34 36
28 35 32
31 40 38
39 37 2
47 33 38
41 37 45
42 40 43
41 48 46
47 44 41
50 45 43
44 40 46
47 42 45
39 46 43
42 51 49
50 48 1
44 49 58
52 48 56
51 54 53
57 52 59
52 55 58
61 56 54
57 51 55
56 58 53
57 50 54
60 62 53
61 1 59
69 60 55
63 67 59
65 64 62
63 70 68
63 69 66
65 72 67
66 62 68
69 67 64
65 61 68
73 64 71
72 5 70
66 80 71
74 70 78
73 76 75
81 74 79
74 77 80
83 76 78
77 73 79
80 75 78
72 76 79
82 84 75
81 5 83
82 77 91
81 85 89
87 84 86
85 92 90
88 85 91
94 87 89
84 88 90
86 89 91
87 90 83
93 86 95
94 92 3
93 88 102
100 92 96
97 95 98
101 96 103
99 96 102
100 105 98
101 95 99
100 97 102
94 101 98
104 97 7
105 3 103
104 99 14
20
106
16 2 27
60 49 5
0 38 6
5 6 93
82 5 71
3 4 1
104 3 2
8 12 103
10 7 9
8 13 15
8 14 11
10 12 17
13 7 11
12 9 14
10 13 105
16 18 9
0 15 17
25 16 11
19 15 23
20 18 21
19 26 24
19 25 22
28 21 23
22 18 24
20 25 23
21 24 17
20 29 27
0 28 26
22 27 36
30 34 26
31 29 32
30 35 37
30 33 36
34 39 32
35 29 33
31 34 36
28 35 32
31 40 38
39 37 2
47 33 38
41 37 45
42 40 43
41 48 46
47 44 41
50 43 45
44 40 46
47 42 45
39 43 46
42 51 49
50 48 1
44 49 58
52 48 56
51 54 53
57 52 59
52 55 58
61 56 54
57 51 55
56 58 53
57 50 54
60 62 53
61 1 59
69 60 55
63 67 59
64 62 65
63 70 68
63 69 66
72 67 65
66 62 68
69 67 64
61 68 65
73 64 71
72 4 70
66 80 71
74 70 78
75 73 76
81 74 79
74 77 80
83 76 78
77 73 79
75 80 78
72 76 79
84 82 75
81 4 83
82 77 91
81 85 89
87 84 86
85 92 90
88 85 91
94 87 89
84 88 90
86 89 91
87 90 83
86 95 93
94 3 92
88 102 93
100 92 96
97 95 98
101 96 103
99 96 102
100 105 98
101 95 99
100 97 102
94 101 98
104 97 7
105 6 103
104 99 14
21
106
16 2 27
5 60 49
0 38 3
104 5 2
82 6 71
1 6 3
4 5 93
8 12 103
10 7 9
8 13 15
8 14 11
10 12 17
13 7 11
12 14 9
10 13 105
16 18 9
0 15 17
25 16 11
19 15 23
20 18 21
19 26 24
19 25 22
28 21 23
22 18 24
20 25 23
21 24 17
20 29 27
0 28 26
22 27 36
30 34 26
31 29 32
30 35 37
30 33 36
34 39 32
35 29 33
31 34 36
28 35 32
31 40 38
39 2 37
47 33 38
41 37 45
42 40 43
41 48 46
47 44 41
50 43 45
44 40 46
47 42 45
39 43 46
42 51 49
50 1 48
44 49 58
52 48 56
51 54 53
57 52 59
52 55 58
61 56 54
57 51 55
56 58 53
57 50 54
60 62 53
61 1 59
69 60 55
63 67 59
64 62 65
63 70 68
63 69 66
72 67 65
66 62 68
69 67 64
61 68 65
73 64 71
72 70 4
66 80 71
74 70 78
75 73 76
81 74 79
74 77 80
83 76 78
77 73 79
75 80 78
72 76 79
84 82 75
81 4 83
82 77 91
81 85 89
87 84 86
85 90 92
88 85 91
87 89 94
84 88 90
86 89 91
87 90 83
86 95 93
92 6 94
88 102 93
100 92 96
97 95 98
101 96 103
99 96 102
100 105 98
101 95 99
100 97 102
101 94 98
104 97 7
105 3 103
104 99 14
22
106
16 2 27
5 60 71
0 6 38
93 104 6
82 5 6
4 1 49
4 2 3
8 12 103
10 7 9
8 13 15
8 14 11
10 12 17
13 7 11
12 9 14
10 13 105
16 18 9
0 15 17
25 16 11
19 15 23
21 20 18
19 26 24
19 25 22
28 21 23
22 18 24
20 25 23
21 24 17
20 29 27
0 28 26
22 27 36
30 34 26
31 29 32
30 35 37
30 33 36
34 39 32
35 29 33
31 34 36
28 35 32
31 38 40
37 39 2
47 33 38
41 37 45
43 42 40
46 41 48
47 44 41
43 50 45
46 44 40
47 42 45
46 43 39
42 51 49
50 5 48
44 49 58
52 48 56
51 54 53
57 52 59
52 55 58
61 56 54
57 51 55
56 58 53
57 50 54
60 62 53
61 1 59
69 60 55
63 67 59
65 64 62
63 70 68
63 69 66
72 65 67
66 62 68
69 67 64
65 61 68
73 64 71
72 70 1
66 80 71
78 74 70
73 75 76
74 81 79
74 77 80
78 83 76
77 73 79
78 80 75
72 76 79
82 84 75
81 4 83
91 82 77
81 85 89
87 84 86
85 90 92
91 88 85
94 87 89
84 88 90
91 86 89
87 90 83
93 86 95
94 92 3
93 88 102
100 92 96
97 95 98
101 96 103
99 96 102
100 105 98
101 95 99
100 97 102
94 101 98
104 97 7
105 3 103
104 99 14
23
106
16 2 27
4 60 71
0 38 6
82 4 5
3 1 49
93 3 6
104 5 2
8 12 103
10 7 9
8 13 15
8 14 11
10 12 17
13 7 11
12 9 14
10 13 105
16 18 9
0 15 17
25 16 11
19 15 23
20 18 21
19 26 24
19 25 22
28 21 23
22 18 24
20 25 23
21 24 17
20 29 27
0 28 26
22 27 36
30 34 26
31 29 32
30 35 37
30 33 36
34 39 32
35 29 33
31 34 36
28 35 32
31 38 40
37 39 2
47 33 38
41 37 45
42 43 40
46 41 48
47 44 41
50 43 45
46 44 40
47 42 45
46 39 43
42 51 49
50 4 48
44 49 58
52 48 56
51 54 53
57 52 59
52 55 58
61 56 54
57 51 55
56 58 53
57 50 54
60 62 53
61 1 59
69 60 55
63 67 59
65 64 62
63 70 68
63 69 66
65 72 67
66 62 68
69 67 64
65 61 68
73 64 71
72 70 1
66 80 71
74 70 78
75 73 76
81 74 79
74 77 80
83 76 78
77 73 79
75 80 78
72 76 79
82 84 75
81 3 83
91 82 77
81 85 89
87 84 86
85 90 92
91 88 85
94 87 89
84 88 90
91 86 89
87 90 83
93 86 95
94 5 92
93 88 102
100 92 96
97 95 98
101 96 103
99 96 102
100 105 98
101 95 99
100 97 102
94 101 98
104 97 7
105 6 103
104 99 14
24
106
16 2 27
4 60 71
0 38 6
4 5 49
82 3 1
93 3 6
104 5 2
8 12 103
10 7 9
8 13 15
8 14 11
10 12 17
13 7 11
12 9 14
10 13 105
16 18 9
0 15 17
25 16 11
19 15 23
20 18 21
19 26 24
19 25 22
28 21 23
22 18 24
20 25 23
21 24 17
20 29 27
0 28 26
22 27 36
30 34 26
31 29 32
30 35 37
30 33 36
34 39 32
35 29 33
31 34 36
28 35 32
31 38 40
37 39 2
47 33 38
41 37 45
42 43 40
46 41 48
47 44 41
50 43 45
46 44 40
47 42 45
46 39 43
42 51 49
50 3 48
44 49 58
52 48 56
51 54 53
57 52 59
52 55 58
61 56 54
57 51 55
56 58 53
57 50 54
60 62 53
61 1 59
69 60 55
63 67 59
65 64 62
63 70 68
63 69 66
65 72 67
66 62 68
69 67 64
65 61 68
73 64 71
72 70 1
66 80 71
74 70 78
75 73 76
81 74 79
74 77 80
83 76 78
77 73 79
75 80 78
72 76 79
82 84 75
81 4 83
91 82 77
81 85 89
87 84 86
85 90 92
91 88 85
94 87 89
84 88 90
91 86 89
87 90 83
93 86 95
94 5 92
93 88 102
100 92 96
97 95 98
101 96 103
99 96 102
100 105 98
101 95 99
100 97 102
94 101 98
104 97 7
105 6 103
104 99 14
25
106
16 2 27
60 5 71
0 38 6
49 5 6
82 5 93
3 4 1
104 3 2
8 12 103
10 7 9
8 13 15
8 14 11
10 12 17
13 7 11
12 9 14
10 13 105
16 18 9
0 15 17
25 16 11
19 15 23
20 18 21
19 26 24
19 25 22
28 21 23
22 18 24
20 25 23
21 24 17
20 29 27
0 28 26
22 27 36
30 34 26
31 29 32
30 35 37
30 33 36
34 39 32
35 29 33
31 34 36
28 35 32
31 40 38
39 37 2
47 33 38
41 37 45
42 40 43
41 48 46
47 44 41
50 43 45
44 40 46
47 42 45
39 43 46
42 51 49
50 3 48
44 49 58
52 56 48
51 54 53
57 52 59
52 55 58
61 56 54
57 51 55
56 58 53
57 50 54
60 62 53
61 1 59
69 60 55
63 67 59
64 62 65
63 70 68
63 69 66
72 67 65
66 62 68
69 67 64
61 68 65
73 64 71
72 70 1
66 80 71
74 70 78
75 73 76
81 74 79
74 77 80
83 76 78
77 73 79
75 80 78
72 76 79
84 82 75
81 4 83
82 77 91
81 85 89
87 84 86
85 92 90
88 85 91
94 87 89
84 88 90
86 89 91
87 90 83
86 95 93
94 4 92
88 102 93
100 92 96
97 95 98
101 96 103
99 96 102
100 105 98
101 95 99
100 97 102
94 101 98
104 97 7
105 6 103
104 99 14
26
106
16 2 27
82 4 71
0 38 6
93 4 5
3 1 60
3 49 6
104 5 2
8 12 103
10 7 9
8 13 15
8 14 11
10 12 17
13 7 11
12 9 14
10 13 105
16 18 9
0 15 17
25 16 11
19 15 23
20 18 21
19 26 24
19 25 22
28 21 23
22 18 24
20 25 23
21 24 17
20 29 27
0 28 26
22 27 36
30 34 26
31 29 32
30 35 37
30 33 36
34 39 32
35 29 33
31 34 36
28 35 32
31 38 40
37 39 2
47 33 38
41 37 45
42 43 40
46 41 48
47 44 41
50 43 45
46 44 40
47 42 45
46 39 43
42 51 49
50 5 48
44 49 58
52 56 48
51 54 53
57 52 59
52 55 58
61 56 54
57 51 55
56 58 53
57 50 54
60 62 53
61 4 59
69 60 55
63 67 59
65 64 62
63 70 68
63 69 66
65 72 67
66 62 68
69 67 64
65 61 68
73 64 71
72 70 1
66 80 71
74 70 78
75 73 76
81 74 79
74 77 80
83 76 78
77 73 79
75 80 78
72 76 79
82 84 75
81 1 83
91 82 77
81 85 89
87 84 86
85 90 92
91 88 85
94 87 89
84 88 90
91 86 89
87 90 83
93 86 95
94 3 92
93 88 102
100 92 96
97 95 98
101 96 103
99 96 102
100 105 98
101 95 99
100 97 102
94 101 98
104 97 7
105 6 103
104 99 14
27
106
4 16 27
4 60 6
4 49 38
93 104 6
0 1 2
82 6 71
5 1 3
8 12 103
10 7 9
8 13 15
8 14 11
10 12 17
13 7 11
12 14 9
10 13 105
16 18 9
0 15 17
25 16 11
19 15 23
21 20 18
19 26 24
19 25 22
28 21 23
22 18 24
20 25 23
21 24 17
20 29 27
0 28 26
22 27 36
30 34 26
31 29 32
30 35 37
30 33 36
34 39 32
35 29 33
31 34 36
28 35 32
31 38 40
37 39 2
47 33 38
41 37 45
42 40 43
41 48 46
47 44 41
50 45 43
44 40 46
47 42 45
39 43 46
42 51 49
50 48 2
44 49 58
52 48 56
51 54 53
57 52 59
52 55 58
61 56 54
57 51 55
56 58 53
57 50 54
60 62 53
61 1 59
69 60 55
63 67 59
65 64 62
63 70 68
63 69 66
65 72 67
66 62 68
69 67 64
65 61 68
73 64 71
72 70 5
66 80 71
74 70 78
73 75 76
74 81 79
74 77 80
83 76 78
77 73 79
80 75 78
72 76 79
82 84 75
81 5 83
82 77 91
81 85 89
87 84 86
85 90 92
88 85 91
87 89 94
84 88 90
86 89 91
87 90 83
93 86 95
92 3 94
93 88 102
100 92 96
97 95 98
101 96 103
99 96 102
100 105 98
101 95 99
100 97 102
101 94 98
104 97 7
105 3 103
104 99 14
