6
1
82
25 2 14
2 3 47
0 1 36
1 4 58
80 3 69
10 6 79
5 7 8
6 13 11
6 9 12
8 10 15
5 9 11
7 10 12
8 81 11
7 16 14
0 13 15
9 23 14
13 17 21
19 18 16
24 17 22
17 23 20
19 21 26
16 22 20
18 23 21
19 22 15
25 18 27
0 24 26
25 34 20
24 28 32
30 29 27
28 35 33
28 34 31
30 37 32
33 31 27
34 29 32
30 33 26
38 36 29
37 35 2
36 31 45
35 39 43
38 41 40
39 44 46
39 42 45
48 41 43
38 42 44
43 40 45
37 41 44
49 40 47
1 48 46
42 56 47
54 46 50
49 52 51
57 55 50
53 56 50
52 59 54
49 53 55
51 54 56
52 48 55
51 60 58
57 59 3
58 53 67
65 61 57
62 63 60
66 61 68
64 61 67
65 63 70
64 66 60
65 62 67
66 63 59
62 71 69
4 70 68
64 78 69
76 72 68
74 73 71
79 72 77
78 72 75
76 81 74
71 77 75
78 76 73
74 70 77
5 80 73
81 4 79
80 12 75
2
82
25 2 14
47 4 2
0 1 36
4 58 69
1 80 3
10 6 79
5 7 8
6 13 11
6 9 12
8 10 15
5 9 11
7 10 12
8 81 11
7 16 14
0 13 15
9 23 14
13 17 21
19 18 16
24 17 22
17 23 20
19 21 26
16 22 20
18 23 21
19 22 15
25 18 27
0 24 26
25 34 20
24 28 32
30 29 27
28 35 33
28 34 31
30 37 32
33 31 27
34 29 32
30 33 26
38 36 29
37 35 2
36 31 45
43 35 39
38 41 40
39 44 46
39 42 45
48 41 43
38 42 44
43 40 45
37 41 44
47 49 40
1 48 46
47 42 56
54 46 50
49 52 51
57 55 50
53 56 50
52 59 54
49 53 55
51 54 56
52 48 55
51 60 58
57 3 59
58 53 67
65 61 57
62 63 60
68 66 61
64 61 67
65 63 70
64 66 60
62 65 67
66 63 59
62 71 69
68 3 70
64 78 69
68 76 72
74 73 71
77 79 72
75 78 72
76 81 74
77 75 71
78 76 73
77 74 70
80 5 73
4 81 79
75 80 12
3
82
25 2 14
47 4 58
0 4 36
80 4 69
1 3 2
10 6 79
5 7 8
6 13 11
6 9 12
8 10 15
5 9 11
7 10 12
8 81 11
7 16 14
0 13 15
9 23 14
13 17 21
19 18 16
24 17 22
17 23 20
19 21 26
16 22 20
18 23 21
19 22 15
25 18 27
0 24 26
25 34 20
24 28 32
30 29 27
28 35 33
28 34 31
30 37 32
33 31 27
34 29 32
30 33 26
38 36 29
37 35 2
36 31 45
35 39 43
38 41 40
39 44 46
39 42 45
48 41 43
38 42 44
43 40 45
37 41 44
47 49 40
1 48 46
47 42 56
54 46 50
49 52 51
57 55 50
53 56 50
52 59 54
49 53 55
51 54 56
52 48 55
51 60 58
1 57 59
58 53 67
65 61 57
62 63 60
68 66 61
64 61 67
65 63 70
64 66 60
62 65 67
66 63 59
62 71 69
68 3 70
64 78 69
68 76 72
74 73 71
77 79 72
75 78 72
76 81 74
77 75 71
78 76 73
77 74 70
80 5 73
3 81 79
75 80 12
4
82
25 2 14
4 58 69
0 3 36
80 4 2
47 1 3
10 6 79
5 7 8
6 13 11
6 9 12
8 10 15
5 9 11
7 10 12
8 81 11
7 16 14
0 13 15
9 23 14
13 17 21
19 18 16
24 17 22
17 23 20
19 21 26
16 22 20
18 23 21
19 22 15
25 18 27
0 24 26
25 34 20
24 28 32
30 29 27
28 35 33
28 34 31
30 37 32
33 31 27
34 29 32
30 33 26
38 36 29
37 35 2
36 31 45
43 35 39
38 41 40
39 44 46
39 42 45
48 41 43
38 42 44
43 40 45
37 41 44
47 49 40
48 4 46
47 42 56
54 46 50
49 52 51
57 55 50
53 56 50
52 59 54
49 53 55
51 54 56
52 48 55
51 60 58
1 57 59
58 53 67
65 61 57
62 63 60
68 66 61
64 61 67
65 63 70
66 64 60
62 65 67
66 63 59
62 71 69
68 1 70
64 78 69
68 76 72
74 73 71
77 79 72
75 78 72
76 81 74
75 77 71
78 76 73
77 74 70
80 5 73
3 81 79
75 80 12
5
80
2 12 23
78 56 67
0 34 45
4 8 77
3 5 6
4 11 9
4 7 10
6 8 13
3 7 9
5 8 10
79 6 9
5 14 12
0 11 13
7 21 12
11 15 19
17 16 14
15 20 22
15 21 18
17 19 24
14 20 18
16 21 19
17 20 13
16 25 23
0 24 22
32 18 23
26 30 22
27 25 28
26 33 31
26 32 29
35 30 28
31 29 25
32 27 30
31 24 28
36 34 27
35 33 2
34 43 29
33 37 41
36 39 38
37 42 44
37 40 43
46 39 41
36 40 42
41 38 43
35 39 42
38 45 47
46 2 44
40 54 45
52 44 48
49 47 50
55 53 48
51 54 48
57 52 50
51 53 47
49 52 54
46 53 50
49 58 56
1 55 57
56 51 65
63 59 55
60 61 58
59 66 64
59 65 62
63 61 68
58 62 64
63 60 65
61 57 64
60 69 67
1 68 66
67 76 62
74 70 66
71 72 69
77 70 75
70 73 76
74 79 72
69 75 73
74 71 76
72 68 75
3 78 71
79 1 77
78 10 73
6
80
23 2 12
56 67 45
0 78 34
8 4 77
3 5 6
4 11 9
4 7 10
6 8 13
3 7 9
5 8 10
6 79 9
5 14 12
0 11 13
7 21 12
11 15 19
17 16 14
15 20 22
15 21 18
17 19 24
14 20 18
16 21 19
17 20 13
23 16 25
0 24 22
23 32 18
26 30 22
27 25 28
26 33 31
26 32 29
35 30 28
31 29 25
32 27 30
31 24 28
36 34 27
35 2 33
34 29 43
41 33 37
36 39 38
37 42 44
37 40 43
46 39 41
36 40 42
41 38 43
35 39 42
38 45 47
46 1 44
40 54 45
52 44 48
49 50 47
55 53 48
51 54 48
57 52 50
51 53 47
49 52 54
46 53 50
49 58 56
55 1 57
56 51 65
63 59 55
60 61 58
59 66 64
59 65 62
63 61 68
58 62 64
60 63 65
61 57 64
60 69 67
1 68 66
76 67 62
74 70 66
72 71 69
77 70 75
76 70 73
74 79 72
69 75 73
76 74 71
68 72 75
3 78 71
2 79 77
78 10 73
