18
1
94
15 26 2
3 2 48
0 37 1
4 1 59
5 3 70
81 4 92
91 7 11
9 6 8
14 7 12
10 13 7
9 16 11
10 6 12
13 11 8
93 9 12
15 17 8
0 14 16
24 15 10
14 22 18
20 19 17
25 23 18
24 21 18
20 22 27
21 23 17
24 22 19
20 23 16
26 28 19
0 27 25
35 21 26
29 25 33
31 30 28
34 36 29
35 32 29
31 38 33
34 32 28
35 30 33
34 31 27
37 30 39
36 2 38
37 32 46
44 36 40
39 42 41
45 40 47
43 46 40
49 44 42
45 43 39
44 46 41
45 42 38
50 48 41
49 1 47
57 43 48
55 51 47
50 52 53
56 58 51
54 57 51
55 53 60
50 54 56
55 57 52
49 56 53
61 52 59
3 58 60
54 68 59
66 58 62
61 64 63
69 67 62
68 65 62
66 71 64
67 61 65
66 68 63
67 64 60
72 70 63
69 4 71
79 70 65
69 73 77
72 75 74
78 73 80
79 73 76
75 82 77
72 78 76
79 77 74
75 71 78
81 74 83
5 82 80
81 90 76
88 84 80
86 83 85
91 89 84
90 87 84
86 93 88
89 87 83
88 90 85
86 89 82
92 6 85
5 93 91
87 13 92
2
94
15 26 2
3 2 48
0 37 1
5 1 59
5 81 70
3 4 92
91 7 11
9 6 8
14 7 12
10 13 7
9 16 11
10 6 12
13 11 8
93 9 12
15 17 8
0 14 16
24 15 10
14 22 18
20 19 17
25 23 18
24 21 18
20 22 27
21 23 17
24 22 19
20 23 16
26 28 19
0 27 25
35 21 26
33 29 25
31 30 28
34 36 29
35 32 29
33 31 38
34 32 28
33 35 30
34 31 27
37 30 39
36 2 38
37 32 46
44 36 40
39 42 41
45 40 47
43 40 46
49 44 42
45 43 39
44 46 41
45 42 38
50 48 41
49 1 47
57 43 48
55 51 47
50 52 53
56 58 51
54 57 51
55 53 60
54 50 56
55 57 52
49 56 53
52 61 59
3 58 60
54 68 59
66 58 62
61 64 63
69 67 62
68 65 62
71 66 64
67 61 65
66 68 63
67 64 60
72 70 63
69 4 71
79 70 65
69 73 77
72 75 74
78 73 80
79 73 76
75 82 77
72 78 76
79 77 74
75 71 78
81 83 74
4 82 80
81 90 76
88 84 80
86 83 85
91 89 84
90 87 84
86 93 88
89 87 83
88 90 85
86 89 82
6 92 85
5 93 91
87 13 92
3
94
15 26 2
5 2 48
0 37 1
70 5 59
81 5 92
4 3 1
91 7 11
9 6 8
14 7 12
10 13 7
9 16 11
10 6 12
13 11 8
93 9 12
15 17 8
0 14 16
15 10 24
14 22 18
20 19 17
23 25 18
21 18 24
20 22 27
21 23 17
22 19 24
20 23 16
26 28 19
0 27 25
35 21 26
29 25 33
31 30 28
36 29 34
35 32 29
31 38 33
32 28 34
35 30 33
31 27 34
37 39 30
36 2 38
37 32 46
44 36 40
39 42 41
45 40 47
43 46 40
44 42 49
45 39 43
44 46 41
45 42 38
50 48 41
1 47 49
57 43 48
55 51 47
50 52 53
56 58 51
54 57 51
55 60 53
50 54 56
55 57 52
56 53 49
61 52 59
3 58 60
54 68 59
66 58 62
61 64 63
69 67 62
68 65 62
66 71 64
67 61 65
66 68 63
67 64 60
72 70 63
69 3 71
79 70 65
69 73 77
72 75 74
78 73 80
79 73 76
75 82 77
72 78 76
79 77 74
75 71 78
81 74 83
4 82 80
81 90 76
88 84 80
86 83 85
91 89 84
90 87 84
93 86 88
89 87 83
88 90 85
86 89 82
92 6 85
93 4 91
13 87 92
4
94
15 26 2
4 2 48
0 37 1
70 5 59
1 5 92
4 81 3
91 7 11
9 6 8
14 7 12
10 13 7
9 16 11
10 6 12
13 11 8
93 9 12
15 17 8
0 14 16
15 10 24
14 22 18
20 19 17
25 23 18
21 18 24
20 22 27
21 23 17
22 19 24
20 23 16
26 28 19
0 27 25
35 21 26
29 25 33
31 30 28
36 29 34
35 32 29
31 38 33
32 28 34
35 30 33
31 27 34
37 30 39
36 2 38
37 32 46
44 36 40
39 42 41
45 40 47
43 40 46
49 44 42
45 43 39
44 46 41
45 42 38
50 48 41
49 1 47
57 43 48
55 51 47
50 52 53
56 58 51
54 57 51
55 60 53
54 50 56
55 57 52
49 56 53
52 61 59
3 58 60
54 68 59
66 58 62
61 64 63
69 67 62
68 65 62
66 71 64
67 61 65
66 68 63
67 64 60
72 70 63
69 3 71
79 70 65
69 73 77
72 75 74
78 73 80
79 73 76
75 82 77
72 78 76
79 77 74
75 71 78
81 83 74
5 82 80
81 90 76
88 84 80
86 83 85
91 89 84
90 87 84
93 86 88
89 87 83
88 90 85
86 89 82
6 92 85
93 4 91
87 13 92
5
94
15 26 2
4 2 48
0 37 1
81 70 5
1 5 92
4 3 59
91 7 11
9 6 8
14 7 12
10 13 7
9 16 11
10 6 12
13 11 8
93 9 12
15 17 8
0 14 16
15 10 24
14 22 18
20 19 17
25 23 18
21 18 24
20 22 27
21 23 17
22 19 24
20 23 16
26 28 19
0 27 25
35 21 26
29 25 33
31 30 28
36 29 34
35 32 29
31 38 33
32 28 34
35 30 33
31 27 34
37 30 39
36 2 38
37 32 46
44 36 40
39 42 41
45 40 47
43 40 46
49 44 42
45 43 39
44 46 41
45 42 38
50 48 41
49 1 47
57 43 48
55 51 47
50 52 53
56 58 51
54 57 51
55 60 53
54 50 56
55 57 52
49 56 53
52 61 59
5 58 60
54 68 59
66 58 62
61 64 63
69 67 62
68 65 62
66 71 64
67 61 65
66 68 63
67 64 60
72 70 63
69 3 71
79 70 65
69 73 77
72 75 74
78 73 80
79 73 76
75 82 77
72 78 76
79 77 74
75 71 78
81 83 74
3 82 80
81 90 76
88 84 80
86 83 85
91 89 84
90 87 84
93 86 88
89 87 83
88 90 85
86 89 82
6 92 85
93 4 91
87 13 92
6
94
15 26 2
59 4 48
0 37 4
5 4 70
3 1 2
81 3 92
91 7 11
9 6 8
14 7 12
10 13 7
9 16 11
10 6 12
13 11 8
93 9 12
17 15 8
0 14 16
24 15 10
14 22 18
17 20 19
25 23 18
24 21 18
22 27 20
17 21 23
24 22 19
20 23 16
26 28 19
0 27 25
35 21 26
29 25 33
31 30 28
34 36 29
35 32 29
31 38 33
34 32 28
35 30 33
34 31 27
37 39 30
36 2 38
37 32 46
44 36 40
39 42 41
45 40 47
43 46 40
49 44 42
45 43 39
44 46 41
45 42 38
50 48 41
49 1 47
57 43 48
55 51 47
50 52 53
56 58 51
54 57 51
55 53 60
50 54 56
55 57 52
49 56 53
59 61 52
1 58 60
59 54 68
66 58 62
61 64 63
69 67 62
68 65 62
66 71 64
67 61 65
66 68 63
67 64 60
72 70 63
69 3 71
79 70 65
69 73 77
74 72 75
78 73 80
79 73 76
75 82 77
72 78 76
74 79 77
75 71 78
74 81 83
5 82 80
81 90 76
88 84 80
86 83 85
91 89 84
90 87 84
86 93 88
89 87 83
88 90 85
86 89 82
92 6 85
5 93 91
87 13 92
7
94
15 26 2
59 4 48
0 37 4
5 81 70
5 1 2
3 4 92
91 7 11
9 6 8
14 7 12
10 13 7
9 16 11
10 6 12
13 11 8
93 9 12
17 15 8
0 14 16
24 15 10
14 22 18
17 20 19
25 23 18
24 21 18
22 27 20
17 21 23
24 22 19
20 23 16
26 28 19
0 27 25
35 21 26
33 29 25
31 30 28
34 36 29
35 32 29
33 31 38
34 32 28
33 35 30
34 31 27
37 30 39
36 2 38
37 32 46
44 36 40
39 42 41
45 40 47
43 40 46
49 44 42
45 43 39
44 46 41
45 42 38
50 48 41
49 1 47
57 43 48
55 51 47
50 52 53
56 58 51
54 57 51
55 53 60
50 54 56
55 57 52
49 56 53
59 52 61
1 58 60
59 54 68
66 58 62
61 64 63
69 67 62
68 65 62
71 66 64
67 61 65
66 68 63
67 64 60
72 70 63
69 3 71
79 70 65
69 73 77
74 72 75
78 73 80
79 73 76
75 82 77
72 78 76
74 79 77
75 71 78
74 81 83
3 82 80
81 90 76
88 84 80
86 83 85
91 89 84
90 87 84
86 93 88
89 87 83
88 90 85
86 89 82
92 6 85
5 93 91
87 13 92
8
94
15 26 2
48 59 5
0 37 3
2 92 5
81 70 5
3 1 4
91 7 11
9 6 8
14 7 12
13 10 7
9 16 11
10 6 12
13 11 8
93 9 12
15 17 8
0 14 16
15 10 24
14 22 18
20 19 17
23 25 18
21 18 24
20 22 27
21 23 17
22 19 24
20 23 16
26 28 19
0 27 25
35 21 26
29 25 33
31 30 28
36 29 34
35 32 29
31 38 33
32 28 34
35 30 33
31 27 34
37 30 39
36 2 38
37 32 46
44 36 40
39 42 41
45 40 47
43 46 40
44 42 49
45 43 39
44 46 41
45 42 38
50 48 41
1 47 49
57 43 48
55 51 47
50 52 53
56 58 51
54 57 51
55 60 53
50 54 56
55 57 52
56 53 49
52 61 59
1 58 60
54 68 59
66 58 62
61 64 63
69 67 62
68 65 62
66 71 64
67 61 65
66 68 63
67 64 60
72 70 63
69 71 4
79 70 65
69 73 77
72 75 74
78 73 80
79 73 76
75 82 77
72 78 76
79 77 74
75 71 78
81 74 83
4 82 80
81 90 76
88 84 80
86 83 85
91 89 84
90 87 84
93 86 88
89 87 83
88 90 85
86 89 82
6 92 85
93 3 91
13 87 92
9
94
15 26 2
70 5 59
0 37 4
81 4 92
3 5 2
4 1 48
91 7 11
9 6 8
14 7 12
10 13 7
9 16 11
10 6 12
13 11 8
93 9 12
17 15 8
0 14 16
24 15 10
14 22 18
17 20 19
25 23 18
24 21 18
20 22 27
17 21 23
24 22 19
20 23 16
26 28 19
0 27 25
35 21 26
29 25 33
31 30 28
34 36 29
35 32 29
31 38 33
34 32 28
35 30 33
34 31 27
37 30 39
36 2 38
37 32 46
44 36 40
39 42 41
45 40 47
43 46 40
49 44 42
45 43 39
44 46 41
45 42 38
50 48 41
49 5 47
57 43 48
55 51 47
50 52 53
56 58 51
54 57 51
55 53 60
50 54 56
55 57 52
49 56 53
61 52 59
1 58 60
54 68 59
66 58 62
61 64 63
69 67 62
68 65 62
66 71 64
67 61 65
66 68 63
67 64 60
72 70 63
69 71 1
79 70 65
69 73 77
72 75 74
78 73 80
79 73 76
75 82 77
72 78 76
79 77 74
75 71 78
81 74 83
3 82 80
81 90 76
88 84 80
86 83 85
91 89 84
90 87 84
86 93 88
89 87 83
88 90 85
86 89 82
92 6 85
3 93 91
87 13 92
10
94
15 26 2
70 4 59
0 37 5
5 81 4
3 1 48
3 2 92
91 7 11
9 6 8
14 7 12
10 13 7
9 16 11
10 6 12
13 11 8
93 9 12
15 17 8
0 14 16
15 10 24
14 22 18
20 19 17
25 23 18
21 18 24
20 22 27
21 23 17
22 19 24
20 23 16
26 28 19
0 27 25
35 21 26
29 25 33
31 30 28
36 29 34
35 32 29
31 38 33
32 28 34
35 30 33
31 27 34
37 30 39
36 2 38
37 32 46
44 36 40
39 42 41
45 40 47
43 40 46
49 44 42
45 43 39
44 46 41
45 42 38
50 48 41
49 4 47
57 43 48
55 51 47
50 52 53
56 58 51
54 57 51
55 60 53
54 50 56
55 57 52
49 56 53
52 61 59
1 58 60
54 68 59
66 58 62
61 64 63
69 67 62
68 65 62
66 71 64
67 61 65
66 68 63
67 64 60
72 70 63
69 71 1
79 70 65
69 73 77
72 75 74
78 73 80
79 73 76
75 82 77
72 78 76
79 77 74
75 71 78
81 83 74
3 82 80
81 90 76
88 84 80
86 83 85
91 89 84
90 87 84
93 86 88
89 87 83
88 90 85
86 89 82
6 92 85
93 5 91
87 13 92
11
94
15 26 2
70 4 59
0 37 5
5 4 48
81 3 1
3 2 92
91 7 11
9 6 8
14 7 12
10 13 7
9 16 11
10 6 12
13 11 8
93 9 12
15 17 8
0 14 16
15 10 24
14 22 18
20 19 17
25 23 18
21 18 24
20 22 27
21 23 17
22 19 24
20 23 16
26 28 19
0 27 25
35 21 26
29 25 33
31 30 28
36 29 34
35 32 29
31 38 33
32 28 34
35 30 33
31 27 34
37 30 39
36 2 38
37 32 46
44 36 40
39 42 41
45 40 47
43 40 46
49 44 42
45 43 39
44 46 41
45 42 38
50 48 41
49 3 47
57 43 48
55 51 47
50 52 53
56 58 51
54 57 51
55 60 53
54 50 56
55 57 52
49 56 53
52 61 59
1 58 60
54 68 59
66 58 62
61 64 63
69 67 62
68 65 62
66 71 64
67 61 65
66 68 63
67 64 60
72 70 63
69 71 1
79 70 65
69 73 77
72 75 74
78 73 80
79 73 76
75 82 77
72 78 76
79 77 74
75 71 78
81 83 74
4 82 80
81 90 76
88 84 80
86 83 85
91 89 84
90 87 84
93 86 88
89 87 83
88 90 85
86 89 82
6 92 85
93 5 91
87 13 92
12
92
24 2 13
2 46 57
0 1 35
68 79 90
89 5 9
7 4 6
5 10 12
8 11 5
7 14 9
8 4 10
11 9 6
7 10 91
6 15 13
0 14 12
8 22 13
20 16 12
18 17 15
23 21 16
19 16 22
20 18 25
19 21 15
20 17 22
18 21 14
24 26 17
0 25 23
33 19 24
27 23 31
29 28 26
34 27 32
30 33 27
29 36 31
30 26 32
33 28 31
29 25 32
28 37 35
34 2 36
30 44 35
42 34 38
37 40 39
43 38 45
41 44 38
42 40 47
43 41 37
42 44 39
43 40 36
48 46 39
1 45 47
55 41 46
53 49 45
48 50 51
54 56 49
52 55 49
53 51 58
48 52 54
53 55 50
54 51 47
59 50 57
1 56 58
52 66 57
64 56 60
59 62 61
65 60 67
66 63 60
64 69 62
65 59 63
64 66 61
65 62 58
70 68 61
69 3 67
77 68 63
71 75 67
70 73 72
76 71 78
77 71 74
73 80 75
70 76 74
77 75 72
73 69 76
79 72 81
80 78 3
79 88 74
86 82 78
84 81 83
89 87 82
88 85 82
84 86 91
87 85 81
86 88 83
84 87 80
90 4 83
89 3 91
85 11 90
13
92
24 2 13
68 46 57
0 3 35
79 2 90
89 5 9
7 4 6
5 10 12
8 11 5
7 14 9
8 4 10
11 9 6
7 10 91
15 6 13
0 14 12
8 22 13
20 16 12
18 17 15
23 21 16
19 16 22
20 18 25
19 21 15
20 17 22
18 21 14
24 26 17
0 25 23
33 19 24
27 23 31
29 28 26
34 27 32
33 30 27
29 36 31
30 26 32
33 28 31
29 25 32
28 37 35
34 2 36
30 44 35
34 38 42
37 40 39
43 38 45
41 44 38
40 47 42
43 41 37
44 39 42
43 40 36
48 46 39
1 45 47
55 41 46
53 49 45
48 50 51
54 56 49
52 55 49
53 51 58
48 52 54
53 55 50
54 51 47
59 50 57
1 56 58
52 66 57
64 56 60
59 62 61
65 60 67
66 63 60
64 69 62
65 59 63
64 66 61
65 62 58
70 68 61
69 1 67
77 68 63
71 75 67
70 73 72
76 71 78
77 71 74
73 80 75
70 76 74
77 75 72
73 69 76
79 72 81
80 78 3
79 88 74
86 82 78
84 81 83
89 87 82
88 85 82
84 86 91
87 85 81
86 88 83
84 87 80
90 4 83
89 3 91
85 11 90
14
92
24 2 13
79 68 57
0 3 35
2 90 46
89 5 9
7 4 6
5 10 12
8 11 5
7 14 9
8 4 10
11 9 6
7 10 91
15 6 13
0 14 12
8 22 13
20 16 12
18 17 15
23 21 16
19 16 22
20 18 25
19 21 15
20 17 22
18 21 14
24 26 17
0 25 23
33 19 24
27 23 31
29 28 26
34 27 32
33 30 27
29 36 31
30 26 32
33 28 31
29 25 32
28 37 35
34 2 36
30 44 35
34 38 42
37 40 39
43 38 45
41 44 38
40 47 42
43 41 37
44 39 42
43 40 36
48 46 39
45 47 3
55 41 46
49 45 53
48 50 51
54 56 49
52 55 49
58 51 53
48 52 54
55 50 53
54 51 47
59 50 57
1 56 58
52 66 57
64 56 60
59 62 61
65 60 67
66 63 60
64 69 62
65 59 63
64 66 61
65 62 58
70 68 61
69 1 67
77 68 63
71 75 67
70 73 72
76 71 78
77 71 74
73 80 75
70 76 74
77 75 72
73 69 76
79 72 81
1 80 78
79 88 74
86 82 78
84 81 83
89 87 82
88 85 82
84 86 91
87 85 81
86 88 83
84 87 80
90 4 83
89 3 91
85 11 90
15
94
15 4 26
70 5 59
37 4 48
81 5 92
0 5 2
3 4 1
91 7 11
9 6 8
14 7 12
10 13 7
9 16 11
10 6 12
13 11 8
93 9 12
17 15 8
0 14 16
24 15 10
14 22 18
17 20 19
25 23 18
24 21 18
20 22 27
17 21 23
24 22 19
20 23 16
26 28 19
0 27 25
35 21 26
29 25 33
31 30 28
34 36 29
35 32 29
31 38 33
34 32 28
35 30 33
34 31 27
37 30 39
36 2 38
37 32 46
44 36 40
39 42 41
45 40 47
43 46 40
49 44 42
45 43 39
44 46 41
45 42 38
50 48 41
49 2 47
57 43 48
55 51 47
50 52 53
56 58 51
54 57 51
55 53 60
50 54 56
55 57 52
49 56 53
61 52 59
1 58 60
54 68 59
66 58 62
61 64 63
69 67 62
68 65 62
66 71 64
67 61 65
66 68 63
67 64 60
72 70 63
69 71 1
79 70 65
69 73 77
72 75 74
78 73 80
79 73 76
75 82 77
72 78 76
79 77 74
75 71 78
81 74 83
3 82 80
81 90 76
88 84 80
86 83 85
91 89 84
90 87 84
86 93 88
89 87 83
88 90 85
86 89 82
92 6 85
3 93 91
87 13 92
16
92
13 24 2
35 3 46
0 79 90
68 1 57
89 5 9
7 4 6
5 10 12
8 11 5
7 14 9
8 4 10
11 9 6
91 7 10
13 6 15
0 14 12
13 8 22
20 16 12
18 17 15
23 21 16
19 16 22
18 20 25
19 21 15
20 17 22
18 21 14
24 26 17
0 25 23
33 19 24
27 23 31
29 28 26
34 27 32
33 30 27
29 36 31
30 26 32
33 28 31
29 25 32
35 28 37
34 1 36
35 30 44
42 34 38
37 40 39
43 38 45
41 44 38
42 40 47
43 41 37
42 44 39
43 40 36
48 46 39
1 45 47
55 41 46
53 49 45
48 50 51
54 56 49
52 55 49
53 51 58
48 52 54
53 55 50
54 51 47
59 50 57
3 56 58
52 66 57
64 56 60
59 62 61
67 65 60
66 63 60
69 64 62
65 59 63
64 66 61
65 62 58
70 68 61
67 69 3
77 68 63
67 71 75
70 73 72
76 71 78
77 71 74
73 80 75
70 76 74
77 75 72
73 69 76
79 72 81
80 78 2
79 88 74
86 82 78
84 81 83
89 87 82
88 85 82
91 84 86
87 85 81
86 88 83
84 87 80
90 4 83
91 89 2
85 11 90
17
92
13 24 2
3 46 57
0 79 90
35 68 1
89 5 9
7 4 6
5 10 12
8 11 5
7 14 9
8 4 10
11 9 6
91 7 10
13 6 15
0 14 12
13 8 22
20 16 12
18 17 15
23 21 16
19 16 22
18 20 25
19 21 15
20 17 22
18 21 14
24 26 17
0 25 23
33 19 24
27 23 31
29 28 26
34 27 32
33 30 27
29 36 31
30 26 32
33 28 31
29 25 32
35 28 37
3 34 36
35 30 44
42 34 38
37 40 39
43 38 45
41 44 38
42 40 47
43 41 37
42 44 39
43 40 36
48 46 39
1 45 47
55 41 46
53 49 45
48 50 51
54 56 49
52 55 49
53 51 58
48 52 54
53 55 50
54 51 47
59 50 57
56 1 58
52 66 57
64 56 60
59 62 61
67 65 60
66 63 60
69 64 62
65 59 63
64 66 61
65 62 58
70 68 61
67 69 3
77 68 63
67 71 75
70 73 72
76 71 78
77 71 74
73 80 75
70 76 74
77 75 72
73 69 76
79 72 81
80 78 2
79 88 74
86 82 78
84 81 83
89 87 82
88 85 82
91 84 86
87 85 81
86 88 83
84 87 80
90 4 83
91 89 2
85 11 90
18
92
24 2 13
68 3 57
0 90 35
79 1 46
89 5 9
7 4 6
5 10 12
8 11 5
7 14 9
8 4 10
11 9 6
7 10 91
15 6 13
0 14 12
8 22 13
20 16 12
18 17 15
23 21 16
19 16 22
20 18 25
19 21 15
20 17 22
18 21 14
24 26 17
0 25 23
33 19 24
27 23 31
29 28 26
34 27 32
33 30 27
29 36 31
30 26 32
33 28 31
29 25 32
28 37 35
34 36 2
30 44 35
34 38 42
37 40 39
43 38 45
41 38 44
40 47 42
43 41 37
44 39 42
43 40 36
48 46 39
3 45 47
55 41 46
53 49 45
48 50 51
54 56 49
52 55 49
53 51 58
52 48 54
53 55 50
54 51 47
50 59 57
56 1 58
52 66 57
64 56 60
59 62 61
67 65 60
66 63 60
69 64 62
65 59 63
64 66 61
65 62 58
70 68 61
67 69 1
77 68 63
67 71 75
70 73 72
76 71 78
77 71 74
73 80 75
70 76 74
77 75 72
73 69 76
79 81 72
3 80 78
79 88 74
86 82 78
84 81 83
89 87 82
88 85 82
84 86 91
87 85 81
86 88 83
84 87 80
4 90 83
89 2 91
85 11 90
