1
1
{ Odvodeny zo snarku HED0A.44 substituciou 2-vrcholoveho (2,2)-polu J }
{ na vrcholoch 43-44 10-vrcholovym heterochromom-2 z Petersenovho grafu }
{ cc=4, odd=4, res=3, pmi=5 podla konstrukcie }
52
1 6 44
0 2 5
1 3 10
2 4 6
3 5 48
1 4 7
0 3 7
5 6 8
7 9 16
8 10 33
2 9 11
10 12 15
11 13 18
12 14 16
13 15 21
11 14 17
8 13 17
15 16 18
12 17 19
18 20 27
19 21 33
14 20 22
21 23 26
22 24 29
23 25 27
24 26 32
22 25 28
19 24 28
26 27 29
23 28 30
29 31 39
30 32 33
25 31 34
9 20 31
32 35 38
34 36 41
35 37 39
36 38 46
34 37 40
30 36 40
38 39 41
35 40 42
41 43 49
42 44 51
0 43 45
44 46 50
37 45 47
46 48 51
4 47 49
42 48 50
45 49 51
43 47 50
