1
1
{ HXH + heawood }
72
1 3 64
0 2 14
1 10 66
0 4 8
3 5 6
4 9 11
4 7 10
6 8 13
3 7 9
5 8 10
2 6 9
5 12 15
11 13 14
7 12 22
1 12 24
11 16 20
15 17 18
16 21 23
16 19 22
18 20 25
15 19 21
17 20 22
13 18 21
17 24 26
14 23 25
19 24 33
23 27 31
26 28 29
27 32 34
27 30 33
29 31 36
26 30 32
28 31 33
25 29 32
28 35 37
34 36 48
30 35 44
34 38 42
37 39 40
38 43 45
38 41 44
40 42 47
37 41 43
39 42 44
36 40 43
39 46 49
45 47 48
41 46 56
35 46 58
45 50 54
49 51 52
50 55 57
50 53 56
52 54 59
49 53 55
51 54 56
47 52 55
51 58 67
48 57 59
53 58 65
61 64 71
60 62 65
61 63 66
62 67 68
0 60 68
59 61 69
2 62 70
57 63 71
63 64 69
65 68 70
66 69 71
60 67 70