1
1
{ Snark z Kocholovej knihy str. 52 obr. 13.2 }
{ cc=4, girth=5 (ma presne dva 5-cykly), nestabilny, }
{ zo 102 hran je 98 potlacitelnych, 4 hrany su nepotlacitelne: }
{ [20,44], [23,47], [29,37], [32,34], } 
{ presne tie, co tvoria jediny netrivialny 4-rez }
68
1 5 19
0 2 9
1 3 14
2 4 22
3 5 6
0 4 17
4 7 11
6 8 18
7 9 12
1 8 10 
9 11 18
6 10 15
8 13 17
12 14 33
2 13 15
11 14 16
15 17 30
5 12 16
7 10 26
0 20 24
19 21 44
20 22 25
3 21 23
22 24 47
19 23 25
21 24 26
18 25 27
26 28 31
27 29 33
28 30 37
16 29 31
27 30 32
31 33 34
13 28 32
32 35 39
34 36 40
35 37 63
29 36 38
37 39 40
34 38 66
35 38 41
40 42 67
41 43 46
42 44 48
20 43 45
44 46 52
42 45 47
23 46 48
43 47 49
48 50 54
49 51 65
50 52 58
45 51 53
52 54 62
49 53 55
54 56 60
55 57 64
56 58 67
51 57 59
58 60 61
55 59 67
59 62 66
53 61 63
36 62 64
56 63 65
50 64 66
39 61 65
41 57 60