1
1
{ Superpozicia K_4. }
{ Na cykle dlzky 4 su supervrcholy K_4 s rozrezanymi hranami jedneho trojuholnika. }
{ Vzhladom na tento cyklus su dve superhrany HD orientovane protismerne, }
{ superhrany, ktore ich oddeluju su: 1. dve paralelne hrany, 2. K_4-{u,v}
{ pmi=5 podla konstrukcie, striktne stabilny, odd=2, cc=4 }
86
1 8 85
0 2 33
1 3 84
2 4 7
3 5 10
4 6 8
5 7 13
3 6 9
0 5 9
7 8 10
4 9 11
10 12 19
11 13 33
6 12 14
13 15 18
14 16 21
15 17 19
16 18 24
14 17 20
11 16 20
18 19 21
15 20 22
21 23 30
22 24 33
17 23 25
24 26 29
25 27 32
26 28 30
27 29 75
25 28 31
22 27 31
29 30 32
26 31 74
1 12 23
35 42 79
34 36 67
35 37 78
36 38 41
37 39 44
38 40 42
39 41 47
37 40 43
34 39 43
41 42 44
38 43 45
44 46 53
45 47 67
40 46 48
47 49 52
48 50 55
49 51 53
50 52 58
48 51 54
45 50 54
52 53 55
49 54 56
55 57 64
56 58 67
51 57 59
58 60 63
59 61 66
60 62 64
61 63 70
59 62 65
56 61 65
63 64 66
60 65 68
35 46 57
66 69 74
68 70 71
62 69 82
69 72 84
71 73 78
72 74 75
32 68 73
28 73 76
75 77 81
76 78 79
36 72 77
34 77 80
79 81 85
76 80 82
70 81 83
82 84 85
2 71 83
0 80 83