1
1
{ superpozicia dvoch susednych hran Pg Halinovym dipolom radu 26, }
{ pricom supervrchol medzi nimi je K_{3,3}-cesta dlzky 2 }
{ cc=4, odd=2, striktne stabilny, podla konstrukcie pmi = 5 }
62
1 8 9
0 2 7
1 3 5
2 6 59
5 7 60
2 4 34
3 7 33
1 4 6
0 11 37
0 12 38
11 12 35
8 10 20
9 10 13
12 14 17
13 15 19
14 16 23
15 17 20
13 16 18
17 19 22
14 18 20
11 16 19
22 23 35
18 21 31
15 21 24
23 25 28
24 26 30
25 27 34
26 28 31
24 27 29
28 30 33
25 29 31
22 27 30
33 34 35
6 29 32
5 26 32
10 21 32
37 38 61
8 36 46
9 36 39
38 40 43
39 41 45
40 42 49
41 43 46
39 42 44
43 45 48
40 44 46
37 42 45
48 49 61
44 47 57
41 47 50
49 51 54
50 52 56
51 53 60
52 54 57
50 53 55
54 56 59
51 55 57
48 53 56
59 60 61
3 55 58
4 52 58
36 47 58
