1
1
{ Superpozicia hviezdu K_{1,3} v Petersenovom grafe }
{ Supervrcholy: centralny vrchol sa nahradi K_4, ktorom su rozrezane 3 hrany tvoriace trojuholnik, rad 4 }
{               koncove vrcholy hviezdy sa nahradia bezvrcholovymi (1,2,1)-polmi  }
{ Superhrany: Halinov dipol radu 26 }
{ cc=4, odd=4, podla konstrukcie pmi = 5 }
88
1 2 3
0 11 37
0 12 64
0 38 63
7 9 33
6 8 34
5 9 86
4 8 85
7 5 60
4 6 59
11 12 35
1 10 20
2 10 13
12 14 17
13 15 19
14 16 23
15 17 20
13 16 18
17 19 22
14 18 20
11 16 19
22 23 35
18 21 31
15 21 24
23 25 28
24 26 30
25 27 34
26 28 31
24 27 29
28 30 33
25 29 31
22 27 30
33 34 35
4 29 32
5 26 32
10 21 32
37 38 61
1 36 46
3 36 39
38 40 43
39 41 45
40 42 49
41 43 46
39 42 44
43 45 48
40 44 46
37 42 45
48 49 61
44 47 57
41 47 50
49 51 54
50 52 56
51 53 60
52 54 57
50 53 55
54 56 59
51 55 57
48 53 56
59 60 61
9 55 58
8 52 58
36 47 58
63 64 87
3 62 72
2 62 65
64 66 69
65 67 71
66 68 75
67 69 72
65 68 70
69 71 74
66 70 72
63 68 71
74 75 87
70 73 83
67 73 76
75 77 80
76 78 82
77 79 86
78 80 83
76 79 81
80 82 85
77 81 83
74 79 82
85 86 87
7 81 84
6 78 84
62 73 84

