1
1
{ Snark skonstruovany z Petersenovho grafu P substituciou }
{ troch nezavislych  hran Halinovym dipolom radu 26. }
{ V 9-uholniku z P  je substituovana kazda tretia hrana - 2. sposob. }
{ cc=4, odd= , pmi=5 (vypoctovo nepreverene) }
82
27 53 79
28 32 57
5 54 58
6 31 80
5 6 29
2 4 14
3 4 7
6 8 11
7 9 13
8 10 17
9 11 14
7 10 12
11 13 16
8 12 14
5 10 13
16 17 29
12 15 25
9 15 18
17 19 22
18 20 24
19 21 28
20 22 25
18 21 23
22 24 27
19 23 25
16 21 24
27 28 29
0 23 26
1 20 26
4 15 26
31 32 55
3 30 40
1 30 33
32 34 37
33 35 39
34 36 43
35 37 40
33 36 38
37 39 42
34 38 40
31 36 39
42 43 55
38 41 51
35 41 44
43 45 48
44 46 50
45 47 54
46 48 51
44 47 49
48 50 53
45 49 51
42 47 50
53 54 55
0 49 52
2 46 52
30 41 52
57 58 81
1 56 66
2 56 59
58 60 63
59 61 65
60 62 69
61 63 66
59 62 64
63 65 68
60 64 66
57 62 65
68 69 81
64 67 77
61 67 70
69 71 74
70 72 76
71 73 80
72 74 77
70 73 75
74 76 79
71 75 77
68 73 76
79 80 81
0 75 78
3 72 78
56 67 78
