1
1
86
9 35 61
10 36 62
5 7 31
4 6 32
3 7 84
2 6 83
3 5 58
2 4 57
9 10 33
0 8 11
1 8 18
9 12 15
11 13 17
12 14 21
13 15 18
11 14 16
15 17 20
12 16 18
10 14 17
20 21 33
16 19 29
13 19 22
21 23 26
22 24 28
23 25 32
24 26 29
22 25 27
26 28 31
23 27 29
20 25 28
31 32 33
2 27 30
3 24 30
8 19 30
35 36 59
0 34 44
1 34 37
36 38 41
37 39 43
38 40 47
39 41 44
37 40 42
41 43 46
38 42 44
35 40 43
46 47 59
42 45 55
39 45 48
47 49 52
48 50 54
49 51 58
50 52 55
48 51 53
52 54 57
49 53 55
46 51 54
57 58 59
7 53 56
6 50 56
34 45 56
61 62 85
0 60 70
1 60 63
62 64 67
63 65 69
64 66 73
65 67 70
63 66 68
67 69 72
64 68 70
61 66 69
72 73 85
68 71 81
65 71 74
73 75 78
74 76 80
75 77 84
76 78 81
74 77 79
78 80 83
75 79 81
72 77 80
83 84 85
5 79 82
4 76 82
60 71 82 



