1
1
{ petersen, hrany vonkajsieho 5-cyklu su nahradene halinom }
150
2 146 149
2 4 143
1 3 0
2 6 145
1 7 5
4 6 29
3 5 14
4 8 11
7 9 13
8 10 15
9 11 14
7 10 12
11 13 17
8 12 14
6 10 13
9 16 18
15 17 29
12 16 25
15 19 22
18 20 24
19 21 26
20 22 25
18 21 23
22 24 28
19 23 25
17 21 24
20 27 30
26 28 29
23 27 32
5 16 27
26 31 33
30 32 148
28 31 35
30 34 36
33 35 58
32 34 43
33 37 40
36 38 42
37 39 44
38 40 43
36 39 41
40 42 46
37 41 43
35 39 42
38 47 45
44 46 58
41 45 54
44 48 51
47 49 53
48 50 55
49 51 54
47 50 52
51 53 57
48 52 54
46 50 53
49 56 59
55 57 58
52 56 61
34 45 56
55 60 62
59 61 146
57 60 64
59 63 65
62 64 87
61 63 72
62 66 69
65 67 71
66 68 73
67 69 72
65 68 70
69 71 75
66 70 72
64 68 71
67 74 76
73 75 87
70 74 83
73 77 80
76 78 82
77 79 84
78 80 83
76 79 81
80 82 86
77 81 83
75 79 82
78 85 88
84 86 87
81 85 90
63 74 85
84 89 91
88 90 149
86 89 93
88 92 94
91 93 116
90 92 101
91 95 98
94 96 100
95 97 102
96 98 101
94 97 99
98 100 104
95 99 101
93 97 100
96 103 105
102 104 116
99 103 112
102 106 109
105 107 111
106 108 113
107 109 112
105 108 110
109 111 115
106 110 112
104 108 111
107 114 117
113 115 116
110 114 119
92 103 114
113 118 120
117 119 147
115 118 122
117 121 123
120 122 142
119 121 130
120 124 127
123 125 129
124 126 131
125 127 130
123 126 128
127 129 133
124 128 130
122 126 129
125 132 134
131 133 142
128 132 141
131 135 138
134 136 140
135 137 143
136 138 141
134 137 139
138 140 145
135 139 141
133 137 140
121 132 144
1 136 144
142 143 145
3 139 144
0 60 147
118 146 148
31 147 149
0 89 148  