1
1
{I-rozsirenie bistabilneho snarku RES2-0F.50 cez dvojicu hran [31,41]-[48,49]. }
{Striktne stabilny, odd=2 }
52
1 6 37
0 2 5
1 3 44
2 4 6
3 5 42
1 4 7
0 3 7
5 6 45
9 14 45
8 10 13
9 11 23
10 12 14
11 13 44
9 12 15
8 11 15
13 14 16
15 17 20
16 18 25
17 19 22
18 20 46
16 19 21
20 22 25
18 21 23
10 22 24
23 25 47
17 21 24
27 32 46
26 28 31
27 29 33
28 30 47
29 31 32
27 30 50
26 30 33
28 32 34
33 35 38
34 36 43
35 37 40
0 36 38
34 37 39
38 40 43
36 39 41
40 42 50
4 41 43
35 39 42
2 12 48
7 8 48
19 26 49
24 29 49
44 45 51
46 47 51
31 41 51
48 49 50
