1
1
{ Snark z Fig.4 in Small snarks with large oddness, Electron. JC 2015 }
{ Izomorfny so snarkom RES3-00.44, inak ocislovany }
{ odd=4, res=3 }
44
1 6 37
0 2 5
1 3 12
2 4 6
3 5 42
1 4 7
0 3 7
5 6 8
7 9 14
8 10 13
9 11 23
10 12 14
2 11 13
9 12 15
8 11 15
13 14 16
15 17 20
16 18 25
17 19 22
18 20 26
16 19 21
20 22 25
18 21 23
10 22 24
23 25 29
17 21 24
19 27 32
26 28 31
27 29 33
24 28 30
29 31 32
27 30 41
26 30 33
28 32 34
33 35 38
34 36 43
35 37 40
0 36 38
34 37 39
38 40 43
36 39 41
31 40 42
4 41 43
35 39 42
