1
1
{ H-rozsirenie bistabilneho snarku RES3-0A.44 cez dvojice hran }
{ {[2,12],[7,8]},{[19,26],[24,29]}. Analog snarku RES3-0F.46. }
{ Bistabilny, odd=4, res=3 }
50
1 6 37
0 2 5
1 3 44
2 4 6
3 5 42
1 4 7
0 3 7
5 6 45
9 14 45
8 10 13
9 11 23
10 12 14
11 13 44
9 12 15
8 11 15
13 14 16
15 17 20
16 18 25
17 19 22
18 20 46
16 19 21
20 22 25
18 21 23
10 22 24
23 25 47
17 21 24
27 32 46
26 28 31
27 29 33
28 30 47
29 31 32
27 30 41
26 30 33
28 32 34
33 35 38
34 36 43
35 37 40
0 36 38
34 37 39
38 40 43
36 39 41
31 40 42
4 41 43
35 39 42
2 12 48
7 8 48
19 26 49
24 29 49
44 45 49
46 47 48
