1
1
{ Y-rozsirenie bistabilneho snarku RES3-2F.48 cez trojicu hran {[31,41],[33,34],[44,47]}. }
{ odd=2, nestabilny, ma len jednu potlacitelnu hranu. }
52
1 6 37
0 2 5
1 3 44
2 4 6
3 5 42
1 4 7
0 3 7
5 6 8
7 9 14
8 10 13
9 11 23
10 12 14
11 13 44
9 12 15
8 11 15
13 14 16
15 17 20
16 18 25
17 19 22
18 20 45
16 19 21
20 22 25
18 21 23
10 22 24
23 25 46
17 21 24
27 32 45
26 28 31
27 29 33
28 30 46
29 31 32
27 30 48
26 30 33
28 32 49
35 38 49
34 36 43
35 37 40
0 36 38
34 37 39
38 40 43
36 39 41
40 42 48
4 41 43
35 39 42
2 12 51
19 26 47
24 29 47
45 46 51
31 41 50
33 34 50
48 49 51
44 47 50
