1
1
{ Y-rozsirenie bistabilneho snarku RES3-0F.50 cez trojicu hran }
{ {[31,41],[33,34],[48,49]. Striktne stabilny, odd=2. }
54
1 6 37
0 2 5
1 3 44
2 4 6
3 5 42
1 4 7
0 3 7
5 6 45
9 14 45
8 10 13
9 11 23
10 12 14
11 13 44
9 12 15
8 11 15
13 14 16
15 17 20
16 18 25
17 19 22
18 20 46
16 19 21
20 22 25
18 21 23
10 22 24
23 25 47
17 21 24
27 32 46
26 28 31
27 29 33
28 30 47
29 31 32
27 30 50
26 30 33
28 32 51
35 38 51
34 36 43
35 37 40
0 36 38
34 37 39
38 40 43
36 39 41
40 42 50
4 41 43
35 39 42
2 12 48
7 8 48
19 26 49
24 29 49
44 45 52
46 47 52
31 41 53
33 34 53
48 49 53
50 51 52
