1
1
{ I-rozsirenie snarku bistabilneho RES3-0F.46 cez dvojicu hran [31,41]-[44,45] }
{ Nestabilny, odd=2, ma ale len jednu potlacitelnu hranu }
48
1 6 37
0 2 5
1 3 44
2 4 6
3 5 42
1 4 7
0 3 7
5 6 8
7 9 14
8 10 13
9 11 23
10 12 14
11 13 44
9 12 15
8 11 15
13 14 16
15 17 20
16 18 25
17 19 22
18 20 26
16 19 21
20 22 25
18 21 23
10 22 24
23 25 45
17 21 24
19 27 32
26 28 31
27 29 33
28 30 45
29 31 32
27 30 46
26 30 33
28 32 34
33 35 38
34 36 43
35 37 40
0 36 38
34 37 39
38 40 43
36 39 41
40 42 46
4 41 43
35 39 42
2 12 47
24 29 47
31 41 47
44 45 46
