1
1
{ Superpozicia centralneho podgrafu K_{1,3} v snarku R328_2C3.28: }
{ superhrany = (2,3)-poly z Petersenovho grafu, } 
{ centralny supervrchol = 1-vrcholovy (3,3,3)-pol  }
{ koncove supervrcholy  = 0-vrcholove (1,1,2)-poly }
{ cc=4, odd=4, res=3, pmi=? }
52
1 4 51
0 2 8
1 3 6
2 4 7
0 3 5
4 6 12
2 5 41
3 8 23
1 7 9
8 10 14
9 11 16
10 12 13
5 11 15
11 14 50
9 13 15
12 14 16
10 15 30
18 21 51
17 19 25
18 20 23
19 21 24
17 20 22
21 23 29
7 19 22
20 25 40
18 24 26
25 27 31
26 28 33
27 29 30
22 28 32
16 28 31
26 30 32
29 31 33
27 32 47
35 38 51
34 36 42
35 37 40
36 38 41
34 37 39
38 40 46
24 36 39
6 37 42
35 41 43
42 44 48
43 45 50
44 46 47
39 45 49
33 45 48
43 47 49
46 48 50
13 44 49
0 17 34
