1
1
{ Strong snark with odd=2 of order 46 from Hagglund's dissertation Fig.9.3 }
{ perfect matching index = 5, cc = 4 }
46
2 5 45
2 9 15
0 1 3
2 13 19
5 17 23
0 4 6
5 21 27
8 14 42
7 9 12
1 8 10
9 11 14
10 12 44
8 11 13
3 12 14
7 10 13
1 16 22
15 17 20
4 16 18
17 19 22
3 18 20
16 19 21
6 20 22
15 18 21
4 24 30
23 25 28
24 26 39
25 27 30
6 26 28
24 27 29
28 30 41
23 26 29
32 38 39
31 33 36
32 34 42
33 35 38
34 36 41
32 35 37
36 38 44
31 34 37
25 31 40
39 41 45
29 35 40
7 33 43
42 44 45
11 37 43
0 40 43