1
1
{ Rosirenie snarku SS4A.46 cez dvojicu hran [15,32]-[13,33]. Cisto stabilny }
{  cc=4, pmi=? }
48
1 6 7
0 2 5
1 3 33
2 4 7
3 5 6
1 4 42
0 4 32
0 3 41
9 14 15
8 10 13
9 11 36
10 12 15
11 13 14
9 12 47
8 12 35
8 11 46
17 22 23
16 18 21
17 19 39
18 20 23
19 21 22
17 20 36
16 20 38
16 19 35
25 30 31
24 26 29
25 27 42
26 28 31
27 29 30
25 28 39
24 28 41
24 27 38
6 34 46
2 34 47
32 33 45
14 23 37
10 21 37
35 36 45
22 31 40
18 29 40
38 39 44
7 30 43
5 26 43
41 42 44
40 43 45
34 37 44
15 32 47
13 33 46
