1
1
{ Konstrukcia blow-up zo 4 petersenovskych nulatorov. Ine prepojenie ako SS4B.46. }
{ cc=4, striktne stabilny }
46
1 6 7
0 2 5
1 3 33
2 4 7
3 5 6
1 4 42
0 4 32
0 3 41
9 14 15
8 10 13
9 11 36
10 12 15
11 13 14
9 12 33
8 12 35
8 11 32
17 22 23
16 18 21
17 19 39
18 20 23
19 21 22
17 20 36
16 20 38
16 19 35
25 30 31
24 26 29
25 27 42
26 28 31
27 29 30
25 28 39
24 28 41
24 27 38
6 15 34
2 13 34
32 33 45
14 23 37
10 21 37
35 36 45
22 31 40
18 29 40
38 39 44
7 30 43
5 26 43
41 42 44
40 43 45
34 37 44
