1
1
{ I-rozsirenie snarku SS5A.56 cez dvojicu hran {[20,42],[31,55]} }
{ cc=4, odd=4, res=3 }
58
1 6 7
0 2 5
1 3 8
2 4 7
3 5 6
1 4 52
0 4 10
0 3 54
2 9 16
8 10 55
6 9 18
12 17 18
11 13 16
12 14 19
13 15 18
14 16 17
8 12 15
11 15 21
10 11 14
13 20 27
19 21 56
17 20 29
23 28 29
22 24 27
23 25 30
24 26 29
25 27 28
19 23 26
22 26 32
21 22 25
24 31 38
30 32 57
28 31 40
34 39 40
33 35 38
34 36 41
35 37 40
36 38 39
30 34 37
33 37 43
32 33 36
35 42 49
41 43 56
39 42 51
45 50 51
44 46 49
45 47 52
46 48 51
47 49 50
41 45 48
44 48 54
43 44 47
5 46 53
52 54 55
7 50 53
9 53 57
20 42 57
31 55 56
