1
1
{ Kombinacia blow-up (1x) a semiblow-up (4x) a piatich Petersenovskych nulatorov, }
{ nahradenie jedneho semiblow-upu blow-upom v snarku SS5A.46. }
{ cc = 4, oddness = 4, resistance = 3 }
48
1 6 7
0 2 5
1 3 8
2 4 7
3 5 6
1 4 45
0 4 16
0 3 46
2 14 47
10 15 16
9 11 14
10 12 17
11 13 16
12 14 15
8 10 13
9 13 25
6 9 12
11 23 35
19 24 25
18 20 23
19 21 26
20 22 25
21 23 24
17 19 22
18 22 34
15 18 21
20 32 47
28 33 34
27 29 32
28 30 35
29 31 34
30 32 33
26 28 31
27 31 43
24 27 30
17 29 41
37 42 43
36 38 41
37 39 45
38 40 43
39 41 42
35 37 40
36 40 46
33 36 39
45 46 47
5 38 44
7 42 44
8 26 44 
