1
1
{ Snark vytvoreny zo snarku WH1A.58 prepnutim }
{ {[0,56],[4,57]}-->{[0,57],[4,56]} }
{ cc=4, %striktne stabilny, pmi=5 podla konstrukcie }
58
1 6 57
0 2 5
1 3 10
2 4 6
3 5 56
1 4 7
0 3 7
5 6 8
7 9 11
8 10 52
2 9 15
8 12 17
11 13 16
12 14 21
13 15 17
10 14 16
12 15 18
11 14 18 
16 17 19
18 20 22
19 21 52
13 20 26
19 23 28
22 24 27
23 25 32
24 26 28
21 25 27
23 26 29
22 25 29
27 28 30
29 31 33
30 32 53
24 31 37
30 34 39
33 35 38
34 36 43
35 37 39
32 36 38
34 37 40
33 36 40 
38 39 41
40 42 44
41 43 53
35 42 48
41 45 50
44 46 49
45 47 54
46 48 50
43 47 49
45 48 51
44 47 51
49 50 56
9 20 57
31 42 55
46 55 57
53 54 56
4 51 55
0 52 54
