1
1
{ Spojenie (2,2,1)-polu W radu 31 a (2,2)-polu U radu 32, pricom }
{ rezidualna hrana z W je pripojena na ten konektor dipolu U, }
{ ktory je zafarbeny uhlom. }
{cc=4, }
64
1 26 32
0 2 5
1 3 8
2 4 6
3 5 11
1 4 7
3 7 62
5 6 8
2 7 9
8 10 17
9 11 31
4 10 12
11 13 16
12 14 19
13 15 17
14 16 22
12 15 18
9 14 18
16 17 19
13 18 20
19 21 28
20 22 31
15 21 23
22 24 27
23 25 30
24 26 28
0 25 27
23 26 29
20 25 29
27 28 30
24 29 57
10 21 37
0 33 36
32 34 39
33 35 37
34 36 42
32 35 38
31 34 38
36 37 39
33 38 40
39 41 48
40 42 63
35 41 43
42 44 47
43 45 50
44 46 48
45 47 53
43 46 49
40 45 49
47 48 50
44 49 51
50 52 59
51 53 63
46 52 54
53 55 58
54 56 61
55 57 59
30 56 58
54 57 60
51 56 60
58 59 61
55 60 62
6 61 63
41 52 62
