14
1
66
30 4 40
62 2 4
1 3 36
2 5 42
0 1 5
3 4 24
7 8 11
32 6 13
6 9 27
8 10 13
38 9 11
6 10 12
25 11 13
7 9 12
15 16 19
14 17 22
14 21 27
15 18 21
17 19 25
14 18 20
19 21 24
16 17 20
15 64 23
22 24 28
20 5 23
18 26 12
25 27 28
16 8 26
23 26 29
34 39 28
31 0 35
30 32 39
31 33 7
32 34 36
33 35 29
30 34 38
33 2 37
36 38 39
35 37 10
31 37 29
0 41 43
65 40 42
50 3 41
48 40 44
46 43 45
49 51 44
47 50 44
46 48 53
47 49 43
48 50 45
46 49 42
52 54 45
65 51 53
47 52 61
51 55 59
54 56 57
62 55 60
55 58 61
64 57 59
54 58 60
56 59 61
53 57 60
63 1 56
62 64 65
63 22 58
63 52 41
2
66
1 22 40
0 2 4
1 3 36
2 5 42
64 1 5
3 4 24
7 8 11
32 6 13
6 9 27
8 10 13
38 9 11
6 10 12
25 11 13
7 9 12
15 16 19
14 17 22
14 21 27
15 18 21
17 19 25
14 18 20
19 21 24
16 17 20
0 15 23
22 24 28
20 5 23
18 26 12
25 27 28
16 8 26
23 26 29
34 39 28
62 31 35
30 32 39
31 33 7
32 34 36
33 35 29
30 34 38
33 2 37
36 38 39
35 37 10
31 37 29
0 41 43
65 40 42
50 3 41
48 40 44
46 43 45
49 51 44
47 50 44
46 48 53
47 49 43
48 50 45
46 49 42
52 54 45
65 51 53
47 52 61
51 55 59
54 56 57
62 55 60
55 58 61
64 57 59
54 58 60
56 59 61
53 57 60
30 63 56
62 64 65
63 4 58
63 52 41
3
66
2 22 40
30 4 42
0 3 4
62 2 36
1 2 5
64 4 24
7 8 11
32 6 13
6 9 27
8 10 13
38 9 11
6 10 12
25 11 13
7 9 12
15 16 19
14 17 22
14 21 27
15 18 21
17 19 25
14 18 20
19 21 24
16 17 20
0 15 23
22 24 28
20 5 23
18 26 12
25 27 28
16 8 26
23 26 29
34 39 28
31 1 35
30 32 39
31 33 7
32 34 36
33 35 29
30 34 38
33 3 37
36 38 39
35 37 10
31 37 29
0 41 43
65 40 42
1 50 41
48 40 44
46 43 45
49 51 44
47 50 44
46 48 53
47 49 43
48 50 45
46 49 42
52 54 45
65 51 53
47 52 61
51 55 59
54 56 57
62 55 60
55 58 61
64 57 59
54 58 60
56 59 61
53 57 60
63 3 56
62 64 65
63 5 58
63 52 41
4
66
1 4 40
0 30 5
3 5 42
2 4 36
0 3 6
1 2 6
4 5 24
8 9 12
32 7 14
7 10 27
9 11 14
38 10 12
7 11 13
25 12 14
8 10 13
16 17 20
15 62 18
15 22 27
16 19 22
18 20 25
15 19 21
20 22 24
17 18 21
64 24 28
21 6 23
19 26 13
25 27 28
17 9 26
23 26 29
34 39 28
31 1 35
30 32 39
31 33 8
32 34 36
33 35 29
30 34 38
33 3 37
36 38 39
35 37 11
31 37 29
0 41 43
65 40 42
2 50 41
48 40 44
46 43 45
49 51 44
47 50 44
46 48 53
47 49 43
48 50 45
46 49 42
52 54 45
65 51 53
47 52 61
51 55 59
54 56 57
62 55 60
55 58 61
64 57 59
54 58 60
56 59 61
53 57 60
63 16 56
62 64 65
63 23 58
63 52 41
5
66
1 4 40
0 2 23
1 3 5
2 4 36
0 3 6
2 6 42
4 5 25
8 9 12
32 7 14
7 10 28
9 11 14
38 10 12
7 11 13
26 12 14
8 10 13
16 17 20
15 18 23
15 22 28
16 19 22
18 20 26
15 19 21
20 22 25
17 18 21
1 16 24
23 25 29
21 6 24
19 27 13
26 28 29
17 9 27
24 27 30
34 39 29
62 32 39
31 33 8
32 34 36
33 35 30
64 34 38
33 3 37
36 38 39
35 37 11
31 37 30
0 41 43
65 40 42
50 5 41
48 40 44
46 43 45
49 51 44
47 50 44
46 48 53
47 49 43
48 50 45
46 49 42
52 54 45
65 51 53
47 52 61
51 55 59
54 56 57
62 55 60
55 58 61
64 57 59
54 58 60
56 59 61
53 57 60
63 31 56
62 64 65
63 35 58
63 52 41
6
66
1 2 5
0 3 22
0 30 6
1 4 6
3 5 36
0 4 7
2 3 7
5 6 24
9 10 13
32 8 15
8 11 27
10 12 15
38 11 13
8 12 14
25 13 15
9 11 14
21 40 27
62 18 21
17 19 25
18 20 42
19 21 24
16 17 20
1 64 23
22 24 28
20 7 23
18 26 14
25 27 28
16 10 26
23 26 29
34 39 28
31 2 35
30 32 39
31 33 9
32 34 36
33 35 29
30 34 38
33 4 37
36 38 39
35 37 12
31 37 29
16 41 43
65 40 42
50 19 41
48 40 44
46 43 45
49 51 44
47 50 44
46 48 53
47 49 43
48 50 45
46 49 42
52 54 45
65 51 53
47 52 61
51 55 59
54 56 57
62 55 60
55 58 61
64 57 59
54 58 60
56 59 61
53 57 60
63 17 56
62 64 65
63 22 58
63 52 41
7
66
1 2 5
0 3 22
0 30 6
1 4 6
3 5 36
0 4 7
2 3 7
5 6 24
9 10 13
32 8 15
8 11 27
10 12 15
38 11 13
8 12 14
25 13 15
9 11 14
18 22 40
21 42 27
16 19 21
62 18 25
64 21 24
17 18 20
1 16 23
22 24 28
20 7 23
19 26 14
25 27 28
17 10 26
23 26 29
34 39 28
31 2 35
30 32 39
31 33 9
32 34 36
33 35 29
30 34 38
33 4 37
36 38 39
35 37 12
31 37 29
16 41 43
65 40 42
17 50 41
48 40 44
46 43 45
49 51 44
47 50 44
46 48 53
47 49 43
48 50 45
46 49 42
52 54 45
65 51 53
47 52 61
51 55 59
54 56 57
62 55 60
55 58 61
64 57 59
54 58 60
56 59 61
53 57 60
63 19 56
62 64 65
63 20 58
63 52 41
8
66
1 2 5
0 62 3
0 30 6
1 4 6
3 5 36
0 4 7
2 3 7
5 6 24
9 10 13
32 8 15
8 11 27
10 12 15
38 11 13
8 12 14
25 13 15
9 11 14
17 20 40
16 22 27
19 22 42
18 20 25
16 19 21
20 22 24
17 18 21
64 24 28
21 7 23
19 26 14
25 27 28
17 10 26
23 26 29
34 39 28
31 2 35
30 32 39
31 33 9
32 34 36
33 35 29
30 34 38
33 4 37
36 38 39
35 37 12
31 37 29
16 41 43
65 40 42
18 50 41
48 40 44
46 43 45
49 51 44
47 50 44
46 48 53
47 49 43
48 50 45
46 49 42
52 54 45
65 51 53
47 52 61
51 55 59
54 56 57
62 55 60
55 58 61
64 57 59
54 58 60
56 59 61
53 57 60
63 1 56
62 64 65
63 23 58
63 52 41
9
66
1 2 5
0 3 40
0 30 6
1 4 6
3 5 36
0 4 7
2 3 7
5 6 24
9 10 13
32 8 15
8 11 27
10 12 15
38 11 13
8 12 14
25 13 15
9 11 14
17 18 21
16 19 42
16 23 27
17 20 23
19 21 25
16 20 22
21 23 24
18 19 22
62 22 7
20 26 14
25 27 28
18 10 26
64 26 29
34 39 28
31 2 35
30 32 39
31 33 9
32 34 36
33 35 29
30 34 38
33 4 37
36 38 39
35 37 12
31 37 29
1 41 43
65 40 42
17 50 41
48 40 44
46 43 45
49 51 44
47 50 44
46 48 53
47 49 43
48 50 45
46 49 42
52 54 45
65 51 53
47 52 61
51 55 59
54 56 57
62 55 60
55 58 61
64 57 59
54 58 60
56 59 61
53 57 60
63 56 24
62 64 65
63 58 28
63 52 41
10
66
1 2 5
0 3 24
0 30 6
1 4 6
3 5 36
0 4 7
2 3 7
5 6 25
9 10 13
32 8 15
8 11 28
10 12 15
38 11 13
8 12 14
26 13 15
9 11 14
17 18 21
16 19 24
16 23 28
17 20 23
19 21 26
16 20 22
21 23 25
18 19 22
1 17 40
22 7 42
20 27 14
62 26 28
18 10 27
64 34 39
31 2 35
30 32 39
31 33 9
32 34 36
33 35 29
30 34 38
33 4 37
36 38 39
35 37 12
31 37 29
24 41 43
65 40 42
50 25 41
48 40 44
46 43 45
49 51 44
47 50 44
46 48 53
47 49 43
48 50 45
46 49 42
52 54 45
65 51 53
47 52 61
51 55 59
54 56 57
62 55 60
55 58 61
64 57 59
54 58 60
56 59 61
53 57 60
63 56 27
62 64 65
63 58 29
63 52 41
11
66
1 2 5
0 3 24
0 30 6
1 4 6
3 5 36
0 4 7
2 3 7
5 6 26
9 10 13
32 8 15
8 11 29
10 12 15
38 11 13
8 12 14
27 13 15
9 11 14
17 18 21
16 19 24
16 23 29
17 20 23
19 21 27
16 20 22
21 23 26
18 19 22
1 17 25
24 26 40
22 7 25
20 28 14
27 42 29
18 10 28
31 2 35
30 32 39
31 33 9
32 34 36
62 33 35
30 34 38
33 4 37
36 38 39
35 37 12
31 64 37
25 41 43
65 40 42
50 41 28
48 40 44
46 43 45
49 51 44
47 50 44
46 48 53
47 49 43
48 50 45
46 49 42
52 54 45
65 51 53
47 52 61
51 55 59
54 56 57
62 55 60
55 58 61
64 57 59
54 58 60
56 59 61
53 57 60
63 34 56
62 64 65
63 39 58
63 52 41
12
66
1 2 5
0 3 24
0 31 6
1 4 6
3 5 36
0 4 7
2 3 7
5 6 26
9 10 13
33 8 15
8 11 29
10 12 15
38 11 13
8 12 14
27 13 15
9 11 14
17 18 21
16 19 24
16 23 29
17 20 23
19 21 27
16 20 22
21 23 26
18 19 22
1 17 25
24 26 30
22 7 25
20 28 14
27 29 30
18 10 28
25 28 42
32 2 35
31 33 39
32 34 9
62 33 36
31 64 38
34 4 37
36 38 39
35 37 12
32 37 40
39 41 43
65 40 42
50 41 30
48 40 44
46 43 45
49 51 44
47 50 44
46 48 53
47 49 43
48 50 45
46 49 42
52 54 45
65 51 53
47 52 61
51 55 59
54 56 57
62 55 60
55 58 61
64 57 59
54 58 60
56 59 61
53 57 60
63 34 56
62 64 65
63 35 58
63 52 41
13
66
1 2 5
0 3 24
0 6 40
1 4 6
3 5 36
0 4 7
2 3 7
5 6 26
9 10 13
32 8 15
8 11 29
10 12 15
38 11 13
8 12 14
27 13 15
9 11 14
17 18 21
16 19 24
16 23 29
17 20 23
19 21 27
16 20 22
21 23 26
18 19 22
1 17 25
24 26 30
22 7 25
20 28 14
27 29 30
18 10 28
25 28 31
34 39 30
62 33 9
32 34 36
33 35 31
34 38 42
33 4 37
36 38 39
35 37 12
64 37 31
2 41 43
65 40 42
50 35 41
48 40 44
46 43 45
49 51 44
47 50 44
46 48 53
47 49 43
48 50 45
46 49 42
52 54 45
65 51 53
47 52 61
51 55 59
54 56 57
62 55 60
55 58 61
64 57 59
54 58 60
56 59 61
53 57 60
63 32 56
62 64 65
63 39 58
63 52 41
14
66
1 2 5
0 3 24
0 32 6
1 4 6
3 5 37
0 4 7
2 3 7
5 6 26
9 10 13
33 8 15
8 11 29
10 12 15
39 11 13
8 12 14
27 13 15
9 11 14
17 18 21
16 19 24
16 23 29
17 20 23
19 21 27
16 20 22
21 23 26
18 19 22
1 17 25
24 26 30
22 7 25
20 28 14
27 29 30
18 10 28
25 28 31
64 35 30
2 36 40
34 9 42
33 35 37
34 36 31
32 35 39
34 4 38
62 37 39
36 38 12
32 41 43
65 40 42
33 50 41
48 40 44
46 43 45
49 51 44
47 50 44
46 48 53
47 49 43
48 50 45
46 49 42
52 54 45
65 51 53
47 52 61
51 55 59
54 56 57
62 55 60
55 58 61
64 57 59
54 58 60
56 59 61
53 57 60
63 38 56
62 64 65
63 58 31
63 52 41
