20
1
82
78 1 6
0 2 5
1 3 4
80 2 50
2 8 56
1 52 58
14 0 7
6 54 8
16 4 7
15 16 10
14 9 11
17 10 12
16 11 13
14 15 12
6 10 13
19 9 13
8 9 12
18 25 11
17 19 54
15 18 27
21 26 27
20 22 25
21 23 28
22 24 27
23 25 26
17 21 24
30 20 24
19 20 23
36 22 29
30 53 28
38 26 29
32 37 38
31 33 36
32 34 39
33 35 38
34 36 37
32 35 28
31 35 41
30 31 34
47 33 40
39 55 41
49 37 40
48 49 43
47 42 44
50 43 45
46 49 44
47 48 45
46 39 43
46 52 42
41 42 45
3 51 44
50 52 55
48 51 5
54 55 29
18 53 7
51 53 40
4 57 59
81 56 58
66 5 57
64 56 60
62 59 61
65 67 60
63 66 60
62 64 69
63 65 59
64 66 61
62 65 58
68 70 61
81 67 69
63 68 77
67 71 75
70 72 73
78 71 76
71 74 77
80 73 75
70 74 76
72 75 77
69 73 76
79 0 72
78 80 81
79 3 74
79 68 57
2
82
1 4 56
0 2 6
1 3 5
78 2 4
0 3 50
2 52 58
14 1 7
6 54 8
16 80 7
15 16 10
14 9 11
17 10 12
16 11 13
14 15 12
6 10 13
19 9 13
8 9 12
18 25 11
17 19 54
15 18 27
21 26 27
20 22 25
21 23 28
22 24 27
23 25 26
17 21 24
30 20 24
19 20 23
36 22 29
30 53 28
38 26 29
32 37 38
31 33 36
32 34 39
33 35 38
34 36 37
32 35 28
31 35 41
30 31 34
47 33 40
39 55 41
49 37 40
48 49 43
47 42 44
50 43 45
46 49 44
47 48 45
46 39 43
46 52 42
41 42 45
4 51 44
50 52 55
48 51 5
54 55 29
18 53 7
51 53 40
0 57 59
81 56 58
66 5 57
64 56 60
62 59 61
65 67 60
63 66 60
62 64 69
63 65 59
64 66 61
62 65 58
68 70 61
81 67 69
63 68 77
67 71 75
70 72 73
78 71 76
71 74 77
80 73 75
70 74 76
72 75 77
69 73 76
79 3 72
78 80 81
79 8 74
79 68 57
3
82
1 5 6
0 4 56
3 6 58
2 4 5
1 3 50
0 3 8
0 2 52
80 54 8
16 5 7
15 16 10
14 9 11
17 10 12
16 11 13
14 15 12
78 10 13
19 9 13
8 9 12
18 25 11
17 19 54
15 18 27
21 26 27
20 22 25
21 23 28
22 24 27
23 25 26
17 21 24
30 20 24
19 20 23
36 22 29
30 53 28
38 26 29
32 37 38
31 33 36
32 34 39
33 35 38
34 36 37
32 35 28
31 35 41
30 31 34
47 33 40
39 55 41
49 37 40
48 49 43
47 42 44
50 43 45
46 49 44
47 48 45
46 39 43
46 52 42
41 42 45
4 51 44
50 52 55
48 51 6
54 55 29
18 53 7
51 53 40
1 57 59
81 56 58
2 66 57
64 56 60
62 59 61
65 67 60
63 66 60
62 64 69
63 65 59
64 66 61
62 65 58
68 70 61
81 67 69
63 68 77
67 71 75
70 72 73
78 71 76
71 74 77
80 73 75
70 74 76
72 75 77
69 73 76
14 79 72
78 80 81
79 7 74
79 68 57
4
82
1 6 7
0 2 5
1 3 58
2 4 7
3 5 6
1 4 50
0 4 8
0 3 52
16 80 6
15 16 10
14 9 11
17 10 12
16 11 13
14 15 12
56 10 13
19 9 13
8 9 12
18 25 11
17 19 54
15 18 27
21 26 27
20 22 25
21 23 28
22 24 27
23 25 26
17 21 24
30 20 24
19 20 23
36 22 29
30 53 28
38 26 29
32 37 38
31 33 36
32 34 39
33 35 38
34 36 37
32 35 28
31 35 41
30 31 34
47 33 40
39 55 41
49 37 40
48 49 43
47 42 44
50 43 45
46 49 44
47 48 45
46 39 43
46 52 42
41 42 45
5 51 44
50 52 55
48 51 7
54 55 29
78 18 53
51 53 40
14 57 59
81 56 58
2 66 57
64 56 60
62 59 61
65 67 60
63 66 60
62 64 69
63 65 59
64 66 61
62 65 58
68 70 61
81 67 69
63 68 77
67 71 75
70 72 73
78 71 76
71 74 77
80 73 75
70 74 76
72 75 77
69 73 76
79 54 72
78 80 81
79 8 74
79 68 57
5
82
1 6 7
0 2 5
1 3 56
2 4 7
3 5 6
1 4 50
0 4 9
0 3 52
54 9 58
16 6 8
15 16 11
78 10 12
17 11 13
16 12 14
15 80 13
19 10 14
9 10 13
18 25 12
17 19 54
15 18 27
21 26 27
20 22 25
21 23 28
22 24 27
23 25 26
17 21 24
30 20 24
19 20 23
36 22 29
30 53 28
38 26 29
32 37 38
31 33 36
32 34 39
33 35 38
34 36 37
32 35 28
31 35 41
30 31 34
47 33 40
39 55 41
49 37 40
48 49 43
47 42 44
50 43 45
46 49 44
47 48 45
46 39 43
46 52 42
41 42 45
5 51 44
50 52 55
48 51 7
54 55 29
18 53 8
51 53 40
2 57 59
81 56 58
66 8 57
64 56 60
62 59 61
65 67 60
63 66 60
62 64 69
63 65 59
64 66 61
62 65 58
68 70 61
81 67 69
63 68 77
67 71 75
70 72 73
78 71 76
71 74 77
80 73 75
70 74 76
72 75 77
69 73 76
79 72 11
78 80 81
79 74 14
79 68 57
6
82
1 6 7
0 2 5
1 3 8
2 4 7
3 5 6
1 4 51
0 4 9
0 3 53
15 2 56
17 6 58
16 17 11
15 10 12
18 11 13
17 12 14
15 16 13
8 11 14
20 10 14
9 10 13
19 26 12
78 18 20
16 19 28
22 27 28
21 23 26
22 24 29
23 25 28
24 26 27
18 22 25
31 21 25
20 21 24
37 23 30
31 54 29
39 27 30
33 38 39
32 34 37
33 35 40
34 36 39
35 37 38
33 36 29
32 36 42
31 32 35
48 34 41
40 55 42
50 38 41
49 50 44
48 43 45
51 44 46
47 50 45
48 49 46
47 40 44
47 53 43
42 43 46
5 52 45
51 53 55
49 52 7
80 55 30
52 54 41
8 57 59
81 56 58
66 9 57
64 56 60
62 59 61
65 67 60
63 66 60
62 64 69
63 65 59
64 66 61
62 65 58
68 70 61
81 67 69
63 68 77
67 71 75
70 72 73
78 71 76
71 74 77
80 73 75
70 74 76
72 75 77
69 73 76
79 19 72
78 80 81
79 54 74
79 68 57
7
82
1 6 7
0 2 5
1 3 8
2 4 7
3 5 6
1 4 50
0 4 10
0 3 52
14 2 9
8 54 10
16 6 9
80 17 12
16 11 13
14 15 12
78 8 13
19 56 13
10 58 12
18 25 11
17 19 54
15 18 27
21 26 27
20 22 25
21 23 28
22 24 27
23 25 26
17 21 24
30 20 24
19 20 23
36 22 29
30 53 28
38 26 29
32 37 38
31 33 36
32 34 39
33 35 38
34 36 37
32 35 28
31 35 41
30 31 34
47 33 40
39 55 41
49 37 40
48 49 43
47 42 44
50 43 45
46 49 44
47 48 45
46 39 43
46 52 42
41 42 45
5 51 44
50 52 55
48 51 7
54 55 29
18 53 9
51 53 40
15 57 59
81 56 58
16 66 57
64 56 60
62 59 61
65 67 60
63 66 60
62 64 69
63 65 59
64 66 61
62 65 58
68 70 61
81 67 69
63 68 77
67 71 75
70 72 73
78 71 76
71 74 77
80 73 75
70 74 76
72 75 77
69 73 76
14 79 72
78 80 81
79 74 11
79 68 57
8
82
1 6 7
0 2 5
1 3 8
2 4 7
3 5 6
1 4 50
0 4 10
0 3 52
15 2 9
8 54 10
16 6 9
15 58 12
17 11 13
16 12 14
15 80 13
8 11 14
10 56 13
18 25 12
17 19 54
78 18 27
21 26 27
20 22 25
21 23 28
22 24 27
23 25 26
17 21 24
30 20 24
19 20 23
36 22 29
30 53 28
38 26 29
32 37 38
31 33 36
32 34 39
33 35 38
34 36 37
32 35 28
31 35 41
30 31 34
47 33 40
39 55 41
49 37 40
48 49 43
47 42 44
50 43 45
46 49 44
47 48 45
46 39 43
46 52 42
41 42 45
5 51 44
50 52 55
48 51 7
54 55 29
18 53 9
51 53 40
16 57 59
81 56 58
66 57 11
64 56 60
62 59 61
65 67 60
63 66 60
62 64 69
63 65 59
64 66 61
62 65 58
68 70 61
81 67 69
63 68 77
67 71 75
70 72 73
78 71 76
71 74 77
80 73 75
70 74 76
72 75 77
69 73 76
79 19 72
78 80 81
79 74 14
79 68 57
9
82
1 6 7
0 2 5
1 3 8
2 4 7
3 5 6
1 4 50
0 4 10
0 3 52
15 2 9
8 54 10
78 6 9
15 58 12
17 11 13
80 12 14
15 16 13
8 11 14
19 56 14
18 25 12
17 19 54
16 18 27
21 26 27
20 22 25
21 23 28
22 24 27
23 25 26
17 21 24
30 20 24
19 20 23
36 22 29
30 53 28
38 26 29
32 37 38
31 33 36
32 34 39
33 35 38
34 36 37
32 35 28
31 35 41
30 31 34
47 33 40
39 55 41
49 37 40
48 49 43
47 42 44
50 43 45
46 49 44
47 48 45
46 39 43
46 52 42
41 42 45
5 51 44
50 52 55
48 51 7
54 55 29
18 53 9
51 53 40
16 57 59
81 56 58
66 57 11
64 56 60
62 59 61
65 67 60
63 66 60
62 64 69
63 65 59
64 66 61
62 65 58
68 70 61
81 67 69
63 68 77
67 71 75
70 72 73
78 71 76
71 74 77
80 73 75
70 74 76
72 75 77
69 73 76
79 72 10
78 80 81
79 74 13
79 68 57
10
82
1 6 7
0 2 5
1 3 8
2 4 7
3 5 6
1 4 50
0 4 10
0 3 52
15 2 9
8 54 10
17 6 9
16 17 12
15 56 11
17 58 14
15 16 13
8 12 14
19 11 14
10 11 13
78 19 54
16 18 27
21 26 27
20 22 25
21 23 28
22 24 27
23 25 26
80 21 24
30 20 24
19 20 23
36 22 29
30 53 28
38 26 29
32 37 38
31 33 36
32 34 39
33 35 38
34 36 37
32 35 28
31 35 41
30 31 34
47 33 40
39 55 41
49 37 40
48 49 43
47 42 44
50 43 45
46 49 44
47 48 45
46 39 43
46 52 42
41 42 45
5 51 44
50 52 55
48 51 7
54 55 29
18 53 9
51 53 40
57 12 59
81 56 58
66 57 13
64 56 60
62 59 61
65 67 60
63 66 60
62 64 69
63 65 59
64 66 61
62 65 58
68 70 61
81 67 69
63 68 77
67 71 75
70 72 73
78 71 76
71 74 77
80 73 75
70 74 76
72 75 77
69 73 76
79 18 72
78 80 81
79 25 74
79 68 57
11
82
1 6 7
0 2 5
1 3 8
2 4 7
3 5 6
1 4 50
0 4 10
0 3 52
16 2 9
8 54 10
18 6 9
17 18 12
16 11 13
12 58 14
18 13 15
16 17 14
8 12 15
19 11 15
10 11 14
78 17 27
21 26 27
20 22 25
21 23 28
22 24 27
23 25 26
21 24 56
30 20 24
19 20 23
36 22 29
30 53 28
38 26 29
32 37 38
31 33 36
32 34 39
33 35 38
34 36 37
32 35 28
31 35 41
30 31 34
47 33 40
39 55 41
49 37 40
48 49 43
47 42 44
50 43 45
46 49 44
47 48 45
46 39 43
46 52 42
41 42 45
5 51 44
50 52 55
48 51 7
54 55 29
80 53 9
51 53 40
57 25 59
81 56 58
66 57 13
64 56 60
62 59 61
65 67 60
63 66 60
62 64 69
63 65 59
64 66 61
62 65 58
68 70 61
81 67 69
63 68 77
67 71 75
70 72 73
78 71 76
71 74 77
80 73 75
70 74 76
72 75 77
69 73 76
79 19 72
78 80 81
79 54 74
79 68 57
12
82
1 6 7
0 2 5
1 3 8
2 4 7
3 5 6
1 4 50
0 4 10
0 3 52
16 2 9
8 54 10
18 6 9
17 18 12
16 11 13
12 58 14
18 13 15
16 17 14
8 12 15
20 11 15
10 11 14
20 54 56
17 19 27
22 26 27
78 21 23
22 24 28
23 25 27
80 24 26
30 21 25
20 21 24
36 23 29
30 53 28
38 26 29
32 37 38
31 33 36
32 34 39
33 35 38
34 36 37
32 35 28
31 35 41
30 31 34
47 33 40
39 55 41
49 37 40
48 49 43
47 42 44
50 43 45
46 49 44
47 48 45
46 39 43
46 52 42
41 42 45
5 51 44
50 52 55
48 51 7
54 55 29
19 53 9
51 53 40
19 57 59
81 56 58
66 57 13
64 56 60
62 59 61
65 67 60
63 66 60
62 64 69
63 65 59
64 66 61
62 65 58
68 70 61
81 67 69
63 68 77
67 71 75
70 72 73
78 71 76
71 74 77
80 73 75
70 74 76
72 75 77
69 73 76
79 22 72
78 80 81
79 25 74
79 68 57
13
82
1 6 7
0 2 5
1 3 8
2 4 7
3 5 6
1 4 51
0 4 10
0 3 53
16 2 9
80 8 10
18 6 9
17 18 12
16 11 13
19 12 14
18 13 15
16 17 14
8 12 15
20 11 15
10 11 14
56 26 13
17 58 28
22 27 28
21 23 26
22 24 29
23 25 28
24 26 27
19 22 25
31 21 25
20 21 24
37 23 30
31 54 29
39 27 30
33 38 39
32 34 37
33 35 40
34 36 39
35 37 38
33 36 29
32 36 42
31 32 35
48 34 41
40 55 42
50 38 41
49 50 44
48 43 45
51 44 46
47 50 45
48 49 46
47 40 44
47 53 43
42 43 46
5 52 45
51 53 55
49 52 7
78 55 30
52 54 41
19 57 59
81 56 58
66 20 57
64 56 60
62 59 61
65 67 60
63 66 60
62 64 69
63 65 59
64 66 61
62 65 58
68 70 61
81 67 69
63 68 77
67 71 75
70 72 73
78 71 76
71 74 77
80 73 75
70 74 76
72 75 77
69 73 76
79 54 72
78 80 81
79 9 74
79 68 57
14
82
1 6 7
0 2 5
1 3 8
2 4 7
3 5 6
1 4 50
0 4 10
0 3 52
16 2 9
8 54 10
18 6 9
17 18 12
16 11 13
19 12 14
18 13 15
16 17 14
8 12 15
21 11 15
10 11 14
20 25 13
19 21 54
17 20 27
78 23 28
22 24 27
23 25 26
80 19 24
30 24 56
21 23 58
36 22 29
30 53 28
38 26 29
32 37 38
31 33 36
32 34 39
33 35 38
34 36 37
32 35 28
31 35 41
30 31 34
47 33 40
39 55 41
49 37 40
48 49 43
47 42 44
50 43 45
46 49 44
47 48 45
46 39 43
46 52 42
41 42 45
5 51 44
50 52 55
48 51 7
54 55 29
20 53 9
51 53 40
57 26 59
81 56 58
66 57 27
64 56 60
62 59 61
65 67 60
63 66 60
62 64 69
63 65 59
64 66 61
62 65 58
68 70 61
81 67 69
63 68 77
67 71 75
70 72 73
78 71 76
71 74 77
80 73 75
70 74 76
72 75 77
69 73 76
79 22 72
78 80 81
79 25 74
79 68 57
15
82
1 6 7
0 2 5
1 3 8
2 4 7
3 5 6
1 4 50
0 4 10
0 3 52
16 2 9
8 54 10
18 6 9
17 18 12
16 11 13
19 12 14
18 13 15
16 17 14
8 12 15
21 11 15
10 11 14
20 26 13
19 21 54
17 20 27
23 56 26
22 24 28
23 25 27
80 24 26
19 22 25
21 24 58
36 23 29
30 53 28
78 38 29
32 37 38
31 33 36
32 34 39
33 35 38
34 36 37
32 35 28
31 35 41
30 31 34
47 33 40
39 55 41
49 37 40
48 49 43
47 42 44
50 43 45
46 49 44
47 48 45
46 39 43
46 52 42
41 42 45
5 51 44
50 52 55
48 51 7
54 55 29
20 53 9
51 53 40
22 57 59
81 56 58
66 57 27
64 56 60
62 59 61
65 67 60
63 66 60
62 64 69
63 65 59
64 66 61
62 65 58
68 70 61
81 67 69
63 68 77
67 71 75
70 72 73
78 71 76
71 74 77
80 73 75
70 74 76
72 75 77
69 73 76
30 79 72
78 80 81
79 25 74
79 68 57
16
82
1 6 7
0 2 5
1 3 8
2 4 7
3 5 6
1 4 50
0 4 10
0 3 52
16 2 9
8 54 10
18 6 9
17 18 12
16 11 13
19 12 14
18 13 15
16 17 14
8 12 15
21 11 15
10 11 14
20 26 13
19 21 54
78 17 20
23 56 26
22 24 28
80 23 25
24 26 27
19 22 25
30 25 58
36 23 29
30 53 28
38 27 29
32 37 38
31 33 36
32 34 39
33 35 38
34 36 37
32 35 28
31 35 41
30 31 34
47 33 40
39 55 41
49 37 40
48 49 43
47 42 44
50 43 45
46 49 44
47 48 45
46 39 43
46 52 42
41 42 45
5 51 44
50 52 55
48 51 7
54 55 29
20 53 9
51 53 40
22 57 59
81 56 58
66 57 27
64 56 60
62 59 61
65 67 60
63 66 60
62 64 69
63 65 59
64 66 61
62 65 58
68 70 61
81 67 69
63 68 77
67 71 75
70 72 73
78 71 76
71 74 77
80 73 75
70 74 76
72 75 77
69 73 76
79 21 72
78 80 81
79 24 74
79 68 57
17
82
1 6 7
0 2 5
1 3 8
2 4 7
3 5 6
1 4 50
0 4 10
0 3 52
16 2 9
8 54 10
18 6 9
17 18 12
16 11 13
19 12 14
18 13 15
16 17 14
8 12 15
21 11 15
10 11 14
20 26 13
19 21 54
17 20 28
23 27 28
22 56 26
25 58 28
24 26 27
19 23 25
30 22 25
21 22 24
30 80 53
38 27 29
32 37 38
31 33 36
32 34 39
33 35 38
34 36 37
78 32 35
31 35 41
30 31 34
47 33 40
39 55 41
49 37 40
48 49 43
47 42 44
50 43 45
46 49 44
47 48 45
46 39 43
46 52 42
41 42 45
5 51 44
50 52 55
48 51 7
54 55 29
20 53 9
51 53 40
23 57 59
81 56 58
66 24 57
64 56 60
62 59 61
65 67 60
63 66 60
62 64 69
63 65 59
64 66 61
62 65 58
68 70 61
81 67 69
63 68 77
67 71 75
70 72 73
78 71 76
71 74 77
80 73 75
70 74 76
72 75 77
69 73 76
79 36 72
78 80 81
79 74 29
79 68 57
18
82
1 6 7
0 2 5
1 3 8
2 4 7
3 5 6
1 4 50
0 4 10
0 3 52
16 2 9
8 54 10
18 6 9
17 18 12
16 11 13
19 12 14
18 13 15
16 17 14
8 12 15
21 11 15
10 11 14
20 27 13
19 21 54
17 20 29
23 28 29
22 24 27
23 25 58
24 26 29
25 27 28
19 23 26
30 22 26
21 22 25
78 38 28
32 37 38
31 33 36
32 34 39
33 35 38
34 36 37
32 35 56
31 35 41
30 31 34
47 33 40
39 55 41
49 37 40
48 49 43
47 42 44
50 43 45
46 49 44
47 48 45
46 39 43
46 52 42
41 42 45
5 51 44
50 52 55
48 51 7
80 54 55
20 53 9
51 53 40
36 57 59
81 56 58
66 24 57
64 56 60
62 59 61
65 67 60
63 66 60
62 64 69
63 65 59
64 66 61
62 65 58
68 70 61
81 67 69
63 68 77
67 71 75
70 72 73
78 71 76
71 74 77
80 73 75
70 74 76
72 75 77
69 73 76
30 79 72
78 80 81
79 53 74
79 68 57
19
82
1 6 7
0 2 5
1 3 8
2 4 7
3 5 6
1 4 51
0 4 10
0 3 53
16 2 9
8 54 10
18 6 9
17 18 12
16 11 13
19 12 14
18 13 15
16 17 14
8 12 15
21 11 15
10 11 14
20 27 13
19 21 54
17 20 29
23 28 29
22 24 27
23 25 30
24 26 29
25 27 28
19 23 26
31 22 26
21 22 25
37 24 58
39 56 28
33 38 39
32 34 37
33 35 40
34 36 39
35 37 38
33 36 30
32 36 42
31 32 35
48 34 41
40 55 42
50 38 41
49 50 44
48 43 45
51 44 46
47 50 45
48 49 46
47 40 44
47 53 43
42 43 46
5 52 45
51 53 55
49 52 7
78 20 9
80 52 41
31 57 59
81 56 58
66 57 30
64 56 60
62 59 61
65 67 60
63 66 60
62 64 69
63 65 59
64 66 61
62 65 58
68 70 61
81 67 69
63 68 77
67 71 75
70 72 73
78 71 76
71 74 77
80 73 75
70 74 76
72 75 77
69 73 76
79 54 72
78 80 81
79 55 74
79 68 57
20
82
1 6 7
0 2 5
1 3 8
2 4 7
3 5 6
1 4 52
0 4 10
0 3 54
16 2 9
80 8 10
18 6 9
17 18 12
16 11 13
19 12 14
18 13 15
16 17 14
8 12 15
21 11 15
10 11 14
20 27 13
78 19 21
17 20 29
23 28 29
22 24 27
23 25 30
24 26 29
25 27 28
19 23 26
32 22 26
21 22 25
38 24 31
32 58 30
40 28 31
34 39 40
33 35 38
34 36 41
35 37 40
36 38 39
34 37 30
33 37 43
32 33 36
49 35 42
41 55 43
51 39 42
50 51 45
49 44 46
52 45 47
48 51 46
49 50 47
48 41 45
48 54 44
43 44 47
5 53 46
52 54 55
50 53 7
53 42 56
55 57 59
81 56 58
66 57 31
64 56 60
62 59 61
65 67 60
63 66 60
62 64 69
63 65 59
64 66 61
62 65 58
68 70 61
81 67 69
63 68 77
67 71 75
70 72 73
78 71 76
71 74 77
80 73 75
70 74 76
72 75 77
69 73 76
79 20 72
78 80 81
79 9 74
79 68 57
