1
902

300 579  726 646  854 624  344 670  
258 469  633 85  14 414  434 74  785 725  338 395  498 284  
11 789  256 648  413 689  706 510  213 239  629 885  456 472  
508 15  311 724  375 336  356 30  480 758  317 845  111 677  
368 877  520 181  456 295  374 448  198 226  550 839  654 98  
726 405  847 655  357 238  553 53  277 874  101 794  272 240  
236 394  220 310  232 191  471 131  685 197  407 332  562 563  
815 558  715 190  882 152  237 293  297 6  127 8  223 754  
323 504  123 699  147 50  192 577  534 117  178 432  298 447  
379 812  651 405  621 74  44 391  90 558  387 257  576 840  
464 84  319 376  656 560  18 197  148 549  408 211  727 797  
143 281  862 612  33 743  13 416  398 103  312 142  671 829  
513 878  248 328  299 30  485 555  188 883  526 186  379 128  
396 587  519 316  541 834  785 744  223 536  46 335  727 802  
155 520  849 259  254 149  378 862  531 675  819 10  732 690  
352 16  478 489  246 680  742 437  609 247  34 306  331 397  
698 722  574 118  752 303  578 799  347 163  795 533  101 466  
638 135  42 86  739 423  121 817  214 329  321 345  649 552  
257 604  748 214  433 714  716 644  738 898  100 273  409 37  
827 404  572 343  297 761  111 812  639 816  47 404  90 160  
902 156  380 547  56 303  243 844  189 172  518 148  466 666  
93 197  768 142  167 191  488 824  420 849  180 403  673 581  
25 95  730 788  532 513  875 601  759 105  564 459  145 202  
770 761  453 313  701 394  68 610  116 900  623 272  524 811  
473 814  245 4  82 592  874 106  687 415  596 256  489 249  
123 85  463 62  257 901  198 202  838 564  881 623  461 813  
854 329  104 623  352 629  89 739  355 160  639 263  367 857  
335 491  620 82  805 326  70 590  601 669  870 560  866 97  
372 626  242 505  209 492  807 622  221 702  302 789  267 271  
55 427  188 684  161 470  261 196  135 591  376 575  60 600  
895 481  554 337  664 93  694 568  225 175  741 368  781 617  
49 216  177 199  496 345  148 843  697 9  301 834  360 878  
1 295  212 779  288 195  51 692  222 87  205 252  166 630  
278 505  464 263  753 468  772 899  841 635  441 168  67 29  
325 230  837 863  561 516  115 95  684 470  511 799  595 548  
487 436  529 556  610 436  435 448  72 545  242 138  364 719  
651 636  442 751  120 637  633 294  176 895  885 240  216 196  
473 672  3 118  253 639  575 644  381 416  883 570  203 139  
810 196  902 206  818 458  166 815  103 412  403 250  421 679  
501 219  510 216  750 742  497 615  472 483  777 813  174 218  
254 384  346 691  763 712  245 699  650 192  154 311  311 447  
763 109  523 439  794 261  429 896  706 865  378 251  804 503  
627 184  455 172  333 719  91 195  33 855  478 373  171 359  
229 21  704 203  200 871  683 380  551 314  542 589  20 592  
397 244  388 228  183 899  462 412  614 285  246 480  289 448  
442 228  265 226  463 787  662 207  902 422  698 194  508 438  
146 249  467 73  331 702  696 169  198 149  343 569  708 846  
650 57  806 115  78 512  616 812  383 758  869 221  1 16  
455 587  839 186  125 703  716 757  729 779  55 776  320 515  
342 39  738 766  772 114  4 141  852 766  460 406  319 468  
402 560  608 686  101 659  84 755  254 713  452 873  58 481  
150 768  237 305  141 824  275 300  827 624  330 826  486 887  
782 249  72 127  407 144  643 536  158 863  817 543  190 786  
796 225  25 359  710 130  693 317  502 723  484 603  166 204  
407 441  52 833  607 207  821 604  378 811  495 233  482 208  
452 611  588 270  745 361  60 361  554 778  11 350  642 537  
322 19  553 42  191 890  865 735  182 877  453 94  78 145  
180 64  426 648  162 339  803 133  814 663  473 745  91 105  
793 775  212 171  315 887  586 10  488 108  310 70  276 588  
149 271  807 599  826 867  35 861  419 39  490 450  7 296  
870 62  365 733  606 72  24 822  546 174  805 137  24 170  
58 873  192 348  717 632  189 280  102 302  456 525  220 836  
531 411  783 26  806 307  377 796  594 251  798 96  315 767  
182 446  563 656  193 582  397 260  585 615  761 351  674 224  
474 164  441 84  566 610  451 56  454 444  859 42  5 239  
638 338  793 95  612 647  194 414  129 54  178 487  482 175  
814 710  233 635  672 373  125 323  266 680  673 349  512 703  
80 306  858 408  613 460  487 635  720 207  622 877  804 371  
498 548  694 774  145 541  517 113  827 515  704 791  100 423  
322 578  154 600  897 658  642 339  528 334  828 108  68 15  
212 369  488 27  167 676  480 20  358 32  320 590  253 663  
873 450  213 556  278 736  57 695  420 292  34 46  399 713  
749 637  640 570  177 305  133 764  201 449  583 810  620 503  
860 292  385 894  540 262  539 433  705 721  805 802  88 584  
828 856  451 717  550 490  544 788  290 588  231 859  748 771  
223 182  709 262  884 439  752 602  310 59  892 831  840 557  
882 821  544 384  91 359  156 150  122 268  534 360  122 83  
99 342  828 720  573 665  358 735  12 377  147 96  134 114  
701 712  294 658  607 714  227 370  154 690  335 557  281 677  
881 189  90 854  852 152  14 801  816 417  288 417  605 482  
126 395  123 640  507 571  280 304  872 808  26 282  809 338  
63 438  586 445  158 756  37 389  518 94  740 87  421 774  
387 499  48 449  576 439  289 248  726 553  89 890  279 361  
306 857  871 791  3 853  28 162  815 36  837 728  411 459  
165 80  860 889  476 801  176 708  44 372  517 312  841 668  
346 483  46 457  844 54  410 646  12 206  660 133  774 582  
762 888  611 780  585 728  858 838  119 21  781 889  28 318  
660 152  771 393  432 316  869 137  387 170  668 879  771 183  
524 119  861 108  704 102  825 866  352 21  775 678  573 415  
201 443  485 848  139 472  171 8  630 59  767 185  751 493  
234 631  179 369  429 517  785 614  287 17  147 885  617 190  
429 893  605 316  513 689  50 789  110 641  869 360  289 597  
800 526  22 143  158 345  707 425  683 413  622 524  750 401  
60 879  683 52  818 237  521 615  737 875  336 318  590 647  
28 611  221 779  467 823  337 659  896 327  737 401  457 19  
388 126  671 499  776 844  594 685  466 351  895 580  545 493  
121 159  6 810  63 867  47 238  806 296  398 205  880 75  
187 418  775 437  308 616  282 724  79 17  375 200  661 83  
539 572  764 32  124 284  652 131  584 790  232 300  299 258  
364 467  496 634  643 424  583 309  69 228  872 392  500 692  
506 173  573 326  563 679  287 533  36 446  874 514  22 128  
501 140  893 436  132 227  201 569  66 183  264 690  276 502  
156 655  619 59  4 31  545 141  331 523  313 504  540 398  
437 65  816 667  535 571  742 702  269 876  793 417  99 277  
366 589  541 40  411 725  673 786  155 897  34 556  426 208  
891 584  893 762  566 39  799 636  213 63  17 722  163 230  
258 621  628 229  479 392  92 852  77 832  667 657  275 443  
81 591  819 887  386 307  98 890  77 483  290 52  288 729  
817 247  347 470  245 753  783 269  892 304  23 409  286 471  
138 535  161 801  829 313  738 293  653 7  231 773  370 713  
809 647  797 645  157 367  211 631  132 675  792 650  632 107  
385 695  838 107  418 577  400 76  260 494  457 394  363 204  
600 250  419 218  597 205  484 29  693 340  674 504  770 346  
124 74  484 415  344 274  554 526  309 475  134 853  794 614  
749 18  61 325  500 98  424 140  418 268  22 461  880 607  
796 450  243 833  364 347  730 592  115 757  858 314  454 381  
355 334  102 272  57 444  809 558  105 296  594 469  121 855  
389 835  69 886  544 153  180 142  496 427  225 503  717 390  
157 109  401 130  632 593  440 784  279 567  292 580  48 129  
36 591  759 389  523 326  572 681  126 721  211 217  382 427  
851 626  652 898  795 565  718 248  476 777  333 813  881 51  
199 106  309 525  711 778  266 267  804 247  462 146  529 712  
356 845  267 40  2 743  400 886  365 819  697 85  657 64  
464 25  265 301  552 566  100 81  424 51  256 896  143 532  
803 170  452 648  888 900  624 899  2 377  231 354  696 93  
430 160  70 446  535 570  760 434  291 492  353 251  215 185  
162 186  235 865  651 709  706 901  872 765  825 739  293 636  
124 681  519 327  451 800  308 825  112 808  478 65  399 674  
465 479  200 371  512 140  88 631  344 846  568 460  555 97  
67 380  13 732  391 864  727 861  601 603  721 868  66 355  
431 773  498 579  386 709  236 151  2 354  265 185  729 884  
842 736  540 332  273 395  627 595  750 195  754 238  562 618  
356 193  565 676  507 574  349 734  634 184  620 580  836 692  
833 747  859 769  749 299  234 546  425 625  653 840  78 734  
410 458  77 50  476 894  499 700  697 491  301 501  787 681  
701 9  163 76  808 281  366 150  442 842  888 516  353 688  
64 328  486 271  870 18  432 312  412 435  26 71  233 250  
521 402  474 645  235 323  341 416  308 676  92 559  297 285  
240 274  275 547  333 868  167 184  616 392  850 325  880 35  
649 549  666 593  770 339  68 602  665 87  506 343  155 653  
120 428  445 283  402 538  475 637  204 820  5 835  497 586  
550 139  354 543  322 835  181 9  199 790  682 652  443 128  
642 203  715 246  759 644  455 96  707 830  784 700  324 821  
618 30  278 38  440 235  45 578  684 695  836 834  728 787  
348 372  583 685  253 65  518 901  514 438  419 217  421 404  
386 263  79 461  585 634  818 159  132 440  851 823  79 823  
66 638  629 688  365 362  89 756  54 340  654 97  330 491  
641 884  255 174  477 822  829 889  136 459  175 780  215 756  
561 109  649 314  113 602  686 53  447 876  410 511  530 732  
744 593  495 489  625 824  390 537  850 83  716 262  277 5  
694 747  1 664  144 307  341 792  81 533  843 527  522 283  
530 43  136 666  168 373  188 151  782 745  830 493  71 668  
349 758  753 571  385 574  551 766  374 431  209 547  408 358  
434 173  897 31  733 428  391 669  691 659  19 867  640 894  
522 120  125 788  399 362  508 598  660 682  627 215  111 579  
35 329  628 368  777 76  494 802  409 405  48 290  740 270  
662 613  283 538  687 413  3 751  324 259  561 178  671 20  
286 855  55 284  718 755  210 839  381 724  665 534  528 114  
507 414  69 334  597 86  243 856  363 500  797 270  693 509  
740 720  236 41  136 32  606 658  169 525  811 845  23 45  
542 403  516 879  531 510  38 886  462 755  104 383  689 626  
445 863  705 765  485 630  92 790  376 557  748 853  509 173  
664 832  772 842  784 94  529 269  762 857  803 746  113 217  
864 678  633 41  662 515  255 327  266 703  375 581  773 252  
477 131  603 878  239 305  110 241  851 875  698 868  433 747  
135 555  841 768  567 328  321 202  353 618  13 279  527 725  
469 350  24 843  341 883  165 763  103 53  396 820  465 382  
33 86  255 752  330 37  679 317  705 38  654 767  800 218  
475 521  224 675  621 656  244 27  168 667  118 505  760 497  
595 465  837 486  374 655  682 458  49 370  708 302  754 612  
176 581  730 831  187 61  707 75  27 393  781 324  112 565  
56 596  598 559  73 492  718 589  146 657  367 598  686 731  
625 164  539 340  577 161  422 252  677 722  45 177  363 226  
244 645  287 765  696 599  449 548  179 575  104 798  234 390  
388 795  519 366  551 746  882 822  715 481  232 479  760 62  
227 428  214 613  641 164  608 511  892 680  67 222  587 643  
336 490  426 778  849 543  430 357  453 831  99 559  209 129  
159 731  321 315  741 862  617 82  348 230  58 371  564 546  
848 112  723 714  80 514  463 382  782 43  88 552  337 537  
264 71  383 670  628 172  291 687  420 471  576 8  15 900  
210 846  49 744  206 769  807 688  342 116  672 268  502 856  
11 16  733 261  826 179  169 285  495 567  187 454  444 43  
332 646  520 241  891 746  107 691  122 530  422 208  830 138  
619 229  792 876  14 736  295 351  605 847  110 260  220 396  
357 193  222 494  12 609  44 719  506 562  362 538  832 791  
286 604  608 743  769 780  47 406  303 711  106 898  319 181  
61 669  509 568  369 7  710 678  40 153  259 700  661 117  
280 219  298 151  10 384  737 117  431 542  23 757  776 569  
848 423  291 379  224 153  783 41  393 75  477 731  219 670  
786 274  847 596  144 435  304 734  468 294  528 273  735 527  
619 536  210 871  134 425  599 350  891 116  764 549  723 406  
860 609  522 6  741 582  320 430  137 130  276 29  798 119  
242 31  532 73  663 850  264 157  820 866  711 318  474 606  
127 241  400 194  298 699  165 282  661 864
