08-04-2018  13:24:34,765 :  Start test component: BXBBXB.30
08-04-2018  13:29:36,192 :  Graph BXBBXB.30 has 7 transitions
edge vertices are (30, 31, 32, 33)
	0, 0, 0, 0
	0, 0, 2, 2
	0, 0, 7, 7
	0, 0, 9, 9
	0, 1, 0, 1
	0, 1, 1, 0
	0, 1, 5, 7
	0, 1, 6, 9
	0, 1, 7, 5
	0, 1, 9, 6
	0, 9, 0, 9
	0, 9, 1, 6
	0, 9, 3, 8
	0, 9, 6, 1
	0, 9, 8, 3
	0, 9, 9, 0
	1, 0, 0, 1
	1, 0, 1, 0
	1, 0, 5, 7
	1, 0, 6, 9
	1, 0, 7, 5
	1, 0, 9, 6
	1, 3, 1, 3
	1, 3, 2, 7
	1, 3, 3, 1
	1, 3, 6, 8
	1, 3, 7, 2
	1, 3, 8, 6
	1, 7, 0, 5
	1, 7, 1, 7
	1, 7, 2, 3
	1, 7, 3, 2
	1, 7, 5, 0
	1, 7, 7, 1
	3, 1, 1, 3
	3, 1, 2, 7
	3, 1, 3, 1
	3, 1, 6, 8
	3, 1, 7, 2
	3, 1, 8, 6
	7, 1, 0, 5
	7, 1, 1, 7
	7, 1, 2, 3
	7, 1, 3, 2
	7, 1, 5, 0
	7, 1, 7, 1
	9, 0, 0, 9
	9, 0, 1, 6
	9, 0, 3, 8
	9, 0, 6, 1
	9, 0, 8, 3
	9, 0, 9, 0
edge vertices are (30, 31, 32, 33)
	Altitude, Altitude
	Angle, Angle
	Angle, Edge
	CornerPoint, CornerPoint
	Edge, Angle
	Edge, Edge
	Half_line, Half_line
