23-03-2018  16:11:31,683 :  Start test component: BXB.20
23-03-2018  16:27:01,171 :  Graph BXB.20 has 10 transitions
edge vertices are (14, 15, 16, 17)
	0, 0, 0, 1
	0, 0, 0, 3
	0, 0, 0, 4
	0, 0, 1, 0
	0, 0, 2, 5
	0, 0, 2, 6
	0, 0, 3, 0
	0, 0, 4, 0
	0, 0, 5, 2
	0, 0, 5, 7
	0, 0, 6, 2
	0, 0, 6, 9
	0, 0, 7, 5
	0, 0, 7, 8
	0, 0, 8, 7
	0, 0, 8, 9
	0, 0, 9, 6
	0, 0, 9, 8
	0, 1, 0, 0
	0, 1, 0, 2
	0, 1, 0, 3
	0, 1, 0, 4
	0, 1, 1, 2
	0, 1, 1, 3
	0, 1, 1, 4
	0, 1, 2, 0
	0, 1, 2, 1
	0, 1, 2, 5
	0, 1, 2, 6
	0, 1, 2, 7
	0, 1, 2, 9
	0, 1, 3, 0
	0, 1, 3, 1
	0, 1, 3, 5
	0, 1, 3, 7
	0, 1, 4, 0
	0, 1, 4, 1
	0, 1, 4, 6
	0, 1, 4, 9
	0, 1, 5, 2
	0, 1, 5, 3
	0, 1, 5, 8
	0, 1, 6, 2
	0, 1, 6, 4
	0, 1, 6, 8
	0, 1, 7, 2
	0, 1, 7, 3
	0, 1, 7, 7
	0, 1, 7, 8
	0, 1, 8, 5
	0, 1, 8, 6
	0, 1, 8, 7
	0, 1, 8, 9
	0, 1, 9, 2
	0, 1, 9, 4
	0, 1, 9, 8
	0, 1, 9, 9
	0, 9, 0, 2
	0, 9, 0, 4
	0, 9, 0, 6
	0, 9, 0, 7
	0, 9, 0, 8
	0, 9, 1, 2
	0, 9, 1, 9
	0, 9, 2, 0
	0, 9, 2, 1
	0, 9, 2, 6
	0, 9, 2, 9
	0, 9, 3, 7
	0, 9, 3, 9
	0, 9, 4, 0
	0, 9, 4, 9
	0, 9, 6, 0
	0, 9, 6, 2
	0, 9, 7, 0
	0, 9, 7, 3
	0, 9, 7, 8
	0, 9, 7, 9
	0, 9, 8, 0
	0, 9, 8, 7
	0, 9, 9, 1
	0, 9, 9, 2
	0, 9, 9, 3
	0, 9, 9, 4
	0, 9, 9, 7
	1, 0, 0, 0
	1, 0, 0, 2
	1, 0, 0, 3
	1, 0, 0, 4
	1, 0, 1, 2
	1, 0, 1, 3
	1, 0, 1, 4
	1, 0, 2, 0
	1, 0, 2, 1
	1, 0, 2, 5
	1, 0, 2, 6
	1, 0, 2, 7
	1, 0, 2, 9
	1, 0, 3, 0
	1, 0, 3, 1
	1, 0, 3, 5
	1, 0, 3, 7
	1, 0, 4, 0
	1, 0, 4, 1
	1, 0, 4, 6
	1, 0, 4, 9
	1, 0, 5, 2
	1, 0, 5, 3
	1, 0, 5, 8
	1, 0, 6, 2
	1, 0, 6, 4
	1, 0, 6, 8
	1, 0, 7, 2
	1, 0, 7, 3
	1, 0, 7, 7
	1, 0, 7, 8
	1, 0, 8, 5
	1, 0, 8, 6
	1, 0, 8, 7
	1, 0, 8, 9
	1, 0, 9, 2
	1, 0, 9, 4
	1, 0, 9, 8
	1, 0, 9, 9
	1, 3, 0, 1
	1, 3, 0, 3
	1, 3, 1, 0
	1, 3, 2, 5
	1, 3, 3, 0
	1, 3, 5, 2
	1, 3, 5, 7
	1, 3, 6, 9
	1, 3, 7, 5
	1, 3, 8, 9
	1, 3, 9, 6
	1, 3, 9, 8
	1, 7, 0, 7
	1, 7, 2, 7
	1, 7, 7, 0
	1, 7, 7, 2
	3, 1, 0, 1
	3, 1, 0, 3
	3, 1, 1, 0
	3, 1, 2, 5
	3, 1, 3, 0
	3, 1, 5, 2
	3, 1, 5, 7
	3, 1, 6, 9
	3, 1, 7, 5
	3, 1, 8, 9
	3, 1, 9, 6
	3, 1, 9, 8
	7, 1, 0, 7
	7, 1, 2, 7
	7, 1, 7, 0
	7, 1, 7, 2
	9, 0, 0, 2
	9, 0, 0, 4
	9, 0, 0, 6
	9, 0, 0, 7
	9, 0, 0, 8
	9, 0, 1, 2
	9, 0, 1, 9
	9, 0, 2, 0
	9, 0, 2, 1
	9, 0, 2, 6
	9, 0, 2, 9
	9, 0, 3, 7
	9, 0, 3, 9
	9, 0, 4, 0
	9, 0, 4, 9
	9, 0, 6, 0
	9, 0, 6, 2
	9, 0, 7, 0
	9, 0, 7, 3
	9, 0, 7, 8
	9, 0, 7, 9
	9, 0, 8, 0
	9, 0, 8, 7
	9, 0, 9, 1
	9, 0, 9, 2
	9, 0, 9, 3
	9, 0, 9, 4
	9, 0, 9, 7
edge vertices are (14, 15, 16, 17)
	Altitude, Edge
	Angle, Half_line
	CornerPoint, Half_line
	Edge, Altitude
	Edge, Edge
	Edge, Half_line
	Half_line, Angle
	Half_line, CornerPoint
	Half_line, Edge
	Half_line, Half_line

