1
1
66
1 6 62
0 2 3
1 5 8
1 4 7
3 5 63
2 4 6
0 5 7
3 6 10
2 13 9
8 10 30
7 9 15
12 16 19
11 13 14
12 8 17
12 15 18
10 14 16
11 15 17
13 16 18
14 17 21
11 24 20
19 21 30
20 18 26
23 27 31
22 24 25
19 23 28
23 26 29
21 25 27
22 26 28
24 27 29
25 28 35
20 9 61
22 37 32
31 33 34
32 36 39
32 35 38
29 34 36
33 35 37
31 36 38
34 37 41
33 40 42
39 41 61
38 40 46
39 43 48
42 44 45
43 47 50
43 46 49
41 45 47
44 46 48
42 47 49
45 48 52
44 53 51
50 52 61
49 51 57
50 59 54
53 55 56
54 58 65
54 57 60
52 56 58
55 57 59
53 58 60
56 59 64
30 40 51
0
4
60
65
2
62 63
64 65
