# of vertices: 52
girth: 5
cc: 4
# of atoms: 3

atom 1, order: 8
9 10 11 12 13 14 15 16 
cut : 
[9,7] [12,2] [14,32] [15,48] 
----------------------------------------------------------
atom 2, order: 8
26 27 28 29 30 31 32 33 
cut : 
[26,24] [29,19] [31,49] [32,14] 
----------------------------------------------------------
atom 3, order: 8
43 44 45 46 47 48 49 50 
cut : 
[43,41] [46,36] [48,15] [49,31] 
----------------------------------------------------------
# of vertices not in atoms: 28 :
0 1 2 3 4 5 6 7 8 17 18 19 20 21 22 23 24 25 34 35 
36 37 38 39 40 41 42 51 
