257
1
8
1 3 5
0 2 7
1 4 6
0
2
0
2
1
2
3 4
5 6
2
12
3 1 8
0
3 5 7
2 4 0
3 6 9
2
4
2 8 10
0 7 9
4 8 11
7
9
2
5 6
10 11
3
16
2 1 12
0
4 0 7
4 6 11
2 3 5
4 8 13
3 7 9
2 6 8
5 7 10
6
8
14 3 12
0 11 13
15 5 12
11
13
2
9 10
14 15
4
20
2 16 1
0
3 0 11
2 5 8
5 7 10
3 4 6
5 9 12
15 4 8
3 7 9
17 6 8
4 11 13
2 10 12
6 11 14
10
12
16 18 7
15 17 0
16 19 9
15
17
2
13 14
18 19
5
20
3 1 7
0
3 17 5
2 4 0
3 19 6
2
4
0 18 8
7 10 13
17 10 12
8 9 11
14 19 10
15 9 13
14 8 12
16 11 13
12
14
2 18 9
17 19 7
4 18 11
2
5 6
15 16
6
24
2 20 1
0
15 3 0
2 4 12
3 6 9
6 8 11
4 5 7
6 10 13
5 9 14
4 8 10
16 7 9
5 19 12
3 11 13
7 21 12
15 17 8
2 16 14
15 18 10
14
16
20 22 11
19 21 0
20 23 13
19
21
2
17 18
22 23
7
24
3 1 7
0
3 5 21
2 4 0
3 6 23
2
4
0 22 8
17 7 9
14 8 11
16 11 13
9 10 12
15 18 11
14 21 10
15 9 13
14 23 12
17 19 10
16 18 8
17 20 12
16
18
2 22 13
21 7 23
15 4 22
2
5 6
19 20
8
24
2 20 1
0
4 0 6
16 4 19
2 3 5
4 18 21
2 17 7
6 9 12
16 9 11
7 8 10
18 9 13
8 12 14
7 11 13
15 10 12
11
13
3 17 8
16 18 6
17 5 10
3 20 22
19 0 21
5 20 23
19
21
2
14 15
22 23
9
24
3 1 7
0
3 18 5
2 4 0
3 6 20
2
4
0 9 13
21 9 11
7 8 10
9 23 12
8
10
14 7 22
16 19 13
16 18 21
14 15 17
16 20 23
2 15 19
14 18 20
4 17 19
15 8 22
21 23 13
17 22 10
2
5 6
11 12
10
28
2 1 24
0
0 3 19
2 4 16
3 5 13
4 7 10
7 9 12
5 6 8
7 11 14
6 10 15
5 9 11
17 8 10
18 6 13
4 12 14
20 8 13
9 23 16
17 3 15
11 25 16
19 21 12
2 18 20
19 22 14
18
20
24 26 15
0 23 25
17 24 27
23
25
2
21 22
26 27
11
28
3 1 7
0
3 5 25
2 4 0
3 6 27
2
4
0 8 26
21 7 9
18 8 10
15 9 12
14 17 12
10 11 13
16 19 12
15 20 11
14 16 10
15 22 13
18 25 11
17 19 9
18 27 13
14 21 23
20 22 8
16 21 24
20
22
2 17 26
7 25 27
4 19 26
2
5 6
23 24
12
28
2 1 24
0
4 0 6
4 20 23
2 3 5
4 22 25
2 21 7
16 6 8
7 10 13
15 10 12
8 9 11
17 10 14
20 9 13
8 12 14
22 11 13
16 18 9
15 17 7
16 19 11
15
17
3 21 12
20 6 22
5 21 14
3 24 26
0 23 25
5 24 27
23
25
2
18 19
26 27
13
28
3 1 7
0
3 5 22
2 4 0
3 6 24
2
4
0 9 13
9 11 25
7 8 10
9 12 27
8
10
14 7 26
15 23 13
14 17 20
17 19 22
15 16 18
17 21 24
16 20 25
15 19 21
18 20 27
2 16 23
14 22 24
4 18 23
19 8 26
25 13 27
21 10 26
2
5 6
11 12
14
28
2 24 1
0
3 19 0
2 5 7
15 18 5
3 4 6
17 5 20
16 3 8
7 10 13
15 10 12
8 9 11
17 10 14
9 23 13
8 12 14
11 25 13
16 4 9
15 17 7
16 6 11
4 19 21
2 18 20
19 6 22
18
20
24 12 26
23 25 0
24 14 27
23
25
2
21 22
26 27
15
28
3 1 7
0
3 5 25
2 4 0
3 6 27
2
4
0 8 26
7 10 12
22 25 10
8 9 11
24 10 27
23 8 13
15 18 12
15 17 22
14 16 13
15 19 24
14 18 20
17 19 13
16 18 21
17
19
14 23 9
22 24 12
16 23 11
2 9 26
7 25 27
4 26 11
2
5 6
20 21
16
28
2 1 24
0
4 0 6
17 4 23
2 3 5
4 19 25
2 8 12
20 8 10
6 7 9
22 8 11
7
9
21 6 13
15 18 12
15 17 20
16 13 14
15 19 22
3 18 14
17 19 13
16 18 5
21 7 14
20 22 12
16 21 9
3 24 26
0 23 25
5 24 27
23
25
2
10 11
26 27
17
28
3 1 7
0
14 3 5
2 4 0
3 16 6
2
4
0 9 13
22 9 11
7 8 10
9 24 12
8
10
15 17 7
2 15 25
14 16 13
15 4 27
18 26 13
17 20 23
20 22 25
18 19 21
20 24 27
19 8 23
18 22 24
21 23 10
14 19 26
17 25 27
16 21 26
2
5 6
11 12
18
32
2 1 28
0
3 0 23
2 4 20
17 3 5
4 6 14
5 8 11
8 10 13
6 7 9
8 12 15
7 11 16
6 10 12
18 9 11
19 7 14
5 13 15
21 9 14
17 22 10
18 4 16
17 24 12
20 13 27
3 19 21
20 15 29
23 25 16
2 22 24
18 23 26
22
24
30 19 28
0 27 29
31 21 28
27
29
2
25 26
30 31
19
32
3 1 7
0
3 5 29
2 4 0
3 31 6
2
4
30 0 8
7 9 25
22 8 10
19 9 11
16 10 13
15 18 13
14 11 12
17 20 13
16 21 12
15 17 11
14 16 23
19 24 12
18 20 10
14 19 26
15 22 29
21 23 9
31 17 22
18 25 27
8 24 26
20 25 28
24
26
30 2 21
31 7 29
30 4 23
2
5 6
27 28
20
32
2 1 28
0
4 0 6
4 24 27
2 3 5
4 26 29
2 7 25
20 6 8
17 7 9
8 11 14
16 11 13
9 10 12
15 18 11
19 10 14
15 9 13
21 12 14
17 24 10
16 18 8
17 26 12
20 22 13
19 21 7
15 20 23
19
21
16 3 25
6 24 26
18 5 25
30 3 28
0 27 29
31 5 28
27
29
2
22 23
30 31
21
32
3 1 7
0
3 5 26
2 4 0
3 6 28
2
4
0 9 13
29 9 11
7 8 10
31 9 12
8
10
14 30 7
15 27 13
14 16 24
15 18 21
18 20 23
16 17 19
18 22 25
17 21 26
16 20 22
19 21 28
29 17 24
15 23 25
31 19 24
2 20 27
14 26 28
4 22 27
30 23 8
29 31 13
30 25 10
2
5 6
11 12
22
32
2 1 28
0
3 0 23
2 5 7
5 19 22
3 4 6
5 21 24
3 20 8
17 7 9
8 11 14
11 13 16
9 10 12
18 11 15
19 10 14
9 13 15
21 12 14
17 10 27
18 8 16
17 12 29
4 20 13
19 7 21
6 20 15
4 23 25
2 22 24
6 23 26
22
24
30 28 16
0 27 29
18 31 28
27
29
2
25 26
30 31
23
32
3 1 7
0
3 5 29
2 4 0
3 31 6
2
4
30 0 8
7 10 12
10 26 29
8 9 11
31 10 28
8 27 13
14 22 12
16 19 13
16 18 21
14 15 17
16 20 23
15 19 26
14 18 20
17 19 28
15 22 24
21 23 13
17 22 25
21
23
18 9 27
26 12 28
20 11 27
30 2 9
31 7 29
30 4 11
2
5 6
24 25
24
32
2 1 28
0
4 0 6
4 21 27
2 3 5
4 23 29
2 8 12
8 24 10
6 7 9
8 26 11
7
9
6 25 13
22 12 14
16 19 13
16 18 21
15 17 14
16 20 23
15 19 24
18 20 14
17 19 26
15 3 22
21 23 13
17 5 22
18 7 25
24 26 12
20 9 25
30 3 28
0 27 29
31 5 28
27
29
2
10 11
30 31
25
32
3 1 7
0
14 3 5
2 4 0
3 16 6
2
4
0 9 13
9 11 26
7 8 10
28 9 12
8
10
15 17 7
2 15 29
14 16 13
15 4 31
30 18 13
17 19 27
18 21 24
21 23 26
19 20 22
28 21 25
29 20 24
19 23 25
31 22 24
20 8 27
28 18 26
22 10 27
14 30 23
29 31 17
16 30 25
2
5 6
11 12
26
32
2 1 28
0
3 0 23
2 4 20
3 6 8
19 6 16
4 5 7
18 21 6
17 4 9
8 11 14
11 13 16
9 10 12
18 11 15
22 10 14
9 13 15
24 12 14
17 5 10
18 8 16
17 7 12
20 5 27
3 19 21
20 7 29
23 25 13
2 22 24
23 26 15
22
24
30 19 28
0 27 29
31 21 28
27
29
2
25 26
30 31
27
32
3 1 7
0
3 5 29
2 4 0
3 31 6
2
4
30 0 8
7 9 25
8 11 13
21 24 11
9 10 12
23 26 11
14 22 9
16 19 13
16 18 21
14 15 17
16 20 23
15 19 29
14 18 20
31 17 19
15 22 10
21 23 13
17 22 12
25 10 27
8 24 26
25 12 28
24
26
30 2 18
31 7 29
30 4 20
2
5 6
27 28
28
32
2 1 28
0
4 0 6
4 24 27
2 3 5
4 26 29
2 7 25
6 9 11
21 24 9
7 8 10
23 9 26
22 7 12
17 11 14
16 21 14
15 12 13
18 23 14
17 19 13
16 18 12
15 17 20
16
18
22 8 13
21 23 11
15 22 10
3 8 25
6 24 26
5 25 10
30 3 28
0 27 29
31 5 28
27
29
2
19 20
30 31
29
32
3 1 7
0
3 5 23
2 4 0
3 6 25
2
4
0 9 13
29 9 11
7 8 10
31 9 12
8
10
14 30 7
16 18 13
29 16 26
14 15 17
28 16 31
14 19 27
18 21 24
21 23 26
19 20 22
28 21 25
2 20 24
19 23 25
4 22 24
15 20 27
28 18 26
17 22 27
15 30 8
29 31 13
30 17 10
2
5 6
11 12
30
32
2 1 28
0
3 23 0
2 5 7
16 5 22
3 4 6
18 5 24
3 9 11
19 9 27
7 8 10
21 9 29
20 7 12
17 11 14
16 19 14
15 12 13
18 21 14
17 4 13
16 18 12
15 17 6
20 8 13
19 21 11
15 20 10
4 23 25
2 22 24
6 23 26
22
24
30 8 28
0 27 29
31 10 28
27
29
2
25 26
30 31
31
32
3 1 7
0
3 5 29
2 4 0
3 31 6
2
4
30 0 8
7 10 12
23 10 29
8 9 11
31 25 10
14 18 8
14 16 26
15 12 13
14 17 28
13
15
19 27 12
18 21 24
21 23 26
19 20 22
21 25 28
20 24 9
19 23 25
22 24 11
20 27 13
18 26 28
15 22 27
30 2 9
31 7 29
30 4 11
2
5 6
16 17
32
32
2 1 28
0
4 0 6
4 27 13
2 3 5
15 4 29
2 8 12
21 8 10
6 7 9
23 8 11
7
9
16 6 14
3 24 14
15 12 13
5 26 14
17 25 12
16 19 22
19 21 24
17 18 20
19 23 26
18 22 7
17 21 23
20 22 9
18 25 13
16 24 26
15 20 25
30 3 28
0 27 29
31 5 28
27
29
2
10 11
30 31
33
32
3 1 7
0
14 3 5
2 4 0
3 16 6
2
4
0 9 13
18 9 11
7 8 10
20 9 12
8
10
15 17 7
2 15 26
14 16 13
28 15 4
19 21 13
29 19 8
17 18 20
31 19 10
30 17 22
21 24 27
29 24 26
22 23 25
28 31 24
14 23 27
28 22 26
16 25 27
30 18 23
29 31 21
30 20 25
2
5 6
11 12
34
36
2 32 1
0
3 0 27
2 4 24
3 5 21
18 4 6
5 7 15
6 9 12
9 11 14
7 8 10
9 13 16
17 8 12
7 11 13
19 10 12
20 8 15
6 14 16
22 10 15
18 23 11
17 19 5
18 25 13
21 26 14
4 20 22
21 28 16
17 31 24
3 23 25
19 33 24
20 27 29
2 26 28
22 27 30
26
28
32 34 23
31 33 0
32 35 25
31
33
2
29 30
34 35
35
36
3 1 7
0
3 33 5
2 4 0
3 35 6
2
4
0 34 8
7 9 29
8 10 26
23 9 11
20 10 12
14 17 11
14 16 19
15 12 13
14 18 21
17 22 13
16 18 12
15 17 24
20 25 13
19 21 11
15 20 27
16 23 28
22 24 10
30 18 23
33 19 26
9 25 27
35 21 26
31 22 29
30 8 28
32 24 29
28
30
2 34 25
33 35 7
4 34 27
2
5 6
31 32
36
36
2 32 1
0
4 0 6
31 4 28
2 3 5
33 4 30
2 7 29
6 8 24
21 7 9
18 8 10
15 9 12
17 12 14
10 11 13
16 19 12
15 20 11
16 10 14
15 22 13
18 23 11
17 19 9
18 25 13
21 28 14
20 22 8
16 21 30
17 24 26
7 23 25
19 24 27
23
25
3 20 29
6 28 30
5 22 29
32 3 34
31 33 0
32 5 35
31
33
2
26 27
34 35
37
36
3 1 7
0
30 3 5
2 4 0
3 32 6
2
4
0 9 13
33 9 11
7 8 10
35 9 12
8
10
14 34 7
15 31 13
14 16 28
15 17 25
16 19 22
19 21 24
17 18 20
19 23 26
18 22 27
17 21 23
20 22 29
30 18 25
16 24 26
32 20 25
33 21 28
15 27 29
35 23 28
2 31 24
14 30 32
31 4 26
34 8 27
33 35 13
34 10 29
2
5 6
11 12
38
36
2 32 1
0
3 0 27
2 5 7
5 23 26
3 4 6
5 25 28
3 8 24
21 7 9
18 8 10
9 12 15
17 12 14
10 11 13
19 12 16
20 11 15
10 14 16
22 13 15
18 23 11
17 19 9
18 25 13
31 21 14
20 22 8
33 21 16
17 4 24
7 23 25
19 6 24
4 27 29
2 26 28
6 27 30
26
28
32 20 34
31 33 0
32 22 35
31
33
2
29 30
34 35
39
36
3 1 7
0
3 33 5
2 4 0
3 35 6
2
4
0 34 8
7 10 12
30 33 10
8 9 11
32 35 10
31 8 13
14 26 12
15 23 13
14 17 20
17 19 22
15 16 18
17 21 24
16 20 25
15 19 21
18 20 27
30 16 23
14 22 24
32 18 23
19 26 28
25 27 13
21 26 29
25
27
31 22 9
30 32 12
31 24 11
2 34 9
33 35 7
4 34 11
2
5 6
28 29
40
36
2 32 1
0
4 0 6
31 4 25
2 3 5
33 4 27
2 8 12
8 10 28
6 7 9
8 11 30
7
9
6 13 29
26 12 14
15 23 13
17 20 14
17 19 22
15 16 18
17 21 24
16 20 25
15 19 21
18 20 27
16 23 28
22 24 14
18 23 30
3 19 26
25 27 13
5 21 26
22 7 29
12 28 30
24 9 29
32 3 34
31 33 0
32 5 35
31
33
2
10 11
34 35
41
36
3 1 7
0
14 3 5
2 4 0
3 16 6
2
4
0 9 13
30 9 11
7 8 10
32 9 12
8
10
15 17 7
2 15 33
14 16 13
15 4 35
18 34 13
31 17 19
28 18 20
19 22 25
22 24 27
20 21 23
29 22 26
30 21 25
20 24 26
32 23 25
28 33 21
29 19 27
28 35 23
31 8 24
30 32 18
31 10 26
14 34 27
17 33 35
29 16 34
2
5 6
11 12
42
36
2 32 1
0
3 0 27
2 4 24
3 6 8
20 6 23
4 5 7
6 22 25
4 21 9
18 8 10
9 12 15
17 12 14
10 11 13
19 12 16
20 11 15
10 14 16
22 13 15
18 11 26
17 19 9
18 13 28
5 21 14
20 22 8
21 7 16
31 5 24
3 23 25
33 7 24
17 27 29
2 26 28
19 27 30
26
28
32 34 23
31 33 0
32 35 25
31
33
2
29 30
34 35
43
36
3 1 7
0
3 33 5
2 4 0
3 35 6
2
4
0 34 8
7 9 29
8 11 13
25 11 28
9 10 12
30 11 27
14 9 26
15 23 13
14 17 20
17 19 22
15 16 18
17 21 24
16 20 25
15 19 21
18 20 27
16 33 23
14 22 24
18 35 23
19 10 26
25 27 13
21 26 12
31 10 29
30 8 28
32 12 29
28
30
2 34 22
33 35 7
4 34 24
2
5 6
31 32
44
36
2 32 1
0
4 0 6
31 4 28
2 3 5
33 4 30
2 7 29
6 9 11
9 25 28
7 8 10
9 27 30
7 26 12
21 11 13
15 18 12
15 17 20
16 13 14
15 19 22
18 25 14
17 19 13
16 18 27
21 23 14
20 22 12
16 21 24
20
22
17 8 26
25 11 27
19 10 26
3 8 29
6 28 30
5 10 29
32 3 34
31 33 0
32 5 35
31
33
2
23 24
34 35
45
36
3 1 7
0
3 5 27
2 4 0
3 6 29
2
4
0 9 13
33 9 11
7 8 10
35 9 12
8
10
14 34 7
16 18 13
16 30 33
14 15 17
16 32 35
14 31 19
18 20 28
19 22 25
22 24 27
20 21 23
22 26 29
30 21 25
20 24 26
32 23 25
2 21 28
19 27 29
4 23 28
15 31 24
30 18 32
17 31 26
15 34 8
33 35 13
17 34 10
2
5 6
11 12
46
36
2 32 1
0
3 0 27
2 5 7
5 20 26
3 4 6
5 22 28
3 9 11
31 9 23
7 8 10
33 9 25
7 24 12
21 11 13
15 18 12
15 17 20
16 13 14
15 19 22
18 23 14
17 19 13
16 18 25
4 21 14
20 22 12
16 6 21
17 8 24
23 25 11
19 10 24
4 27 29
2 26 28
6 27 30
26
28
32 34 8
31 33 0
32 35 10
31
33
2
29 30
34 35
47
36
3 1 7
0
3 33 5
2 4 0
3 35 6
2
4
0 34 8
7 10 12
33 10 27
8 9 11
35 10 29
14 18 8
14 30 16
15 12 13
14 32 17
13
15
31 19 12
18 20 28
19 22 25
22 24 27
20 21 23
22 26 29
30 21 25
20 24 26
32 23 25
21 9 28
19 27 29
23 11 28
31 24 13
30 32 18
15 31 26
2 34 9
33 35 7
4 34 11
2
5 6
16 17
48
36
2 32 1
0
4 0 6
31 4 13
2 3 5
15 33 4
2 8 12
8 25 10
6 7 9
8 11 27
7
9
16 6 14
3 28 14
15 12 13
5 14 30
17 12 29
16 18 26
17 20 23
20 22 25
18 19 21
20 24 27
19 23 28
18 22 24
21 23 30
19 7 26
17 25 27
21 9 26
22 13 29
16 28 30
15 24 29
32 3 34
31 33 0
32 5 35
31
33
2
10 11
34 35
49
36
3 1 7
0
14 3 5
2 4 0
3 16 6
2
4
0 9 13
18 9 11
7 8 10
20 9 12
8
10
15 17 7
2 15 30
14 16 13
15 4 32
19 21 13
33 19 8
17 18 20
19 35 10
17 34 22
31 21 23
28 22 25
30 25 27
23 24 26
29 32 25
28 33 24
29 23 27
28 35 26
14 31 24
30 32 22
16 31 26
18 34 27
33 35 21
29 34 20
2
5 6
11 12
50
36
2 32 1
0
3 0 27
2 4 24
3 5 21
4 7 9
17 20 7
5 6 8
19 22 7
18 5 10
9 12 15
17 12 14
10 11 13
19 12 16
23 11 15
10 14 16
25 13 15
18 6 11
17 19 9
18 8 13
21 6 26
4 20 22
21 8 28
31 24 14
3 23 25
33 24 16
20 27 29
2 26 28
22 27 30
26
28
32 34 23
31 33 0
32 35 25
31
33
2
29 30
34 35
51
36
3 1 7
0
3 33 5
2 4 0
3 35 6
2
4
0 34 8
7 9 29
8 10 26
14 9 12
22 25 12
10 11 13
24 27 12
15 23 10
14 17 20
17 19 22
15 16 18
17 21 24
16 20 28
15 19 21
30 18 20
16 23 11
14 22 24
18 23 13
33 26 11
9 25 27
35 26 13
31 19 29
30 8 28
32 21 29
28
30
2 34 25
33 35 7
4 34 27
2
5 6
31 32
52
36
2 32 1
0
4 0 6
31 4 28
2 3 5
33 4 30
2 7 29
6 8 24
7 10 12
20 23 10
8 9 11
22 25 10
21 8 13
15 18 12
15 17 20
16 13 14
15 19 22
18 28 14
17 19 13
16 18 30
21 9 14
20 22 12
16 21 11
24 9 26
7 23 25
24 11 27
23
25
3 17 29
6 28 30
5 19 29
32 3 34
31 33 0
32 5 35
31
33
2
26 27
34 35
53
36
3 1 7
0
30 3 5
2 4 0
3 32 6
2
4
0 9 13
33 9 11
7 8 10
35 9 12
8
10
14 34 7
15 31 13
14 17 19
30 17 27
15 16 18
32 17 29
15 20 28
19 22 25
22 24 27
20 21 23
22 26 29
33 21 25
20 24 26
35 23 25
16 21 28
19 27 29
18 23 28
2 31 16
14 30 32
31 4 18
34 8 24
33 35 13
34 10 26
2
5 6
11 12
54
36
2 32 1
0
3 0 27
2 5 7
5 23 26
3 4 6
5 25 28
3 8 24
7 10 12
20 23 10
8 9 11
22 10 25
21 8 13
18 12 15
17 20 15
13 14 16
19 22 15
31 18 14
17 19 13
18 33 16
21 9 14
20 22 12
21 11 16
4 9 24
7 23 25
6 24 11
4 27 29
2 26 28
6 27 30
26
28
17 32 34
31 33 0
32 19 35
31
33
2
29 30
34 35
55
36
3 1 7
0
3 33 5
2 4 0
3 35 6
2
4
0 34 8
7 10 12
30 33 10
8 9 11
32 35 10
31 8 13
15 17 12
30 15 27
14 16 13
15 32 29
18 28 13
17 20 23
20 22 27
18 19 21
20 24 29
19 23 25
18 22 24
21 23 26
22
24
14 19 28
17 27 29
16 21 28
14 31 9
30 32 12
31 16 11
2 34 9
33 35 7
4 34 11
2
5 6
25 26
56
36
2 32 1
0
4 0 6
31 4 22
2 3 5
33 4 24
2 8 12
8 10 28
6 7 9
8 11 30
7
9
6 13 29
15 17 12
15 25 28
16 13 14
15 27 30
18 26 13
17 20 23
20 22 25
18 19 21
20 24 27
3 19 23
18 22 24
5 21 23
19 26 14
17 25 27
16 21 26
7 29 14
12 28 30
16 9 29
32 3 34
31 33 0
32 5 35
31
33
2
10 11
34 35
57
36
3 1 7
0
14 3 5
2 4 0
3 16 6
2
4
0 9 13
9 11 27
7 8 10
29 9 12
8
10
15 17 7
2 15 33
14 16 13
15 4 35
18 34 13
17 20 22
30 33 20
18 19 21
32 35 20
31 18 23
28 22 25
30 25 27
23 24 26
29 32 25
28 8 24
29 23 27
28 10 26
31 19 24
30 32 22
31 21 26
14 34 19
17 33 35
16 34 21
2
5 6
11 12
58
36
2 32 1
0
3 0 27
2 4 24
3 6 8
17 6 23
4 5 7
19 6 25
4 10 12
20 10 26
8 9 11
22 10 28
21 8 13
18 12 15
17 20 15
13 14 16
19 22 15
18 5 14
17 19 13
18 7 16
21 9 14
20 22 12
21 11 16
31 5 24
3 23 25
33 7 24
9 27 29
2 26 28
11 27 30
26
28
32 34 23
31 33 0
32 35 25
31
33
2
29 30
34 35
59
36
3 1 7
0
3 33 5
2 4 0
3 35 6
2
4
0 34 8
7 9 29
8 11 13
22 11 28
9 10 12
30 24 11
15 17 9
15 33 25
14 16 13
15 35 27
18 26 13
17 20 23
20 22 25
18 19 21
20 24 27
19 23 10
18 22 24
21 23 12
14 19 26
17 25 27
16 21 26
31 10 29
30 8 28
32 12 29
28
30
14 2 34
33 35 7
16 4 34
2
5 6
31 32
60
36
2 32 1
0
4 0 6
31 4 28
2 3 5
33 4 30
2 7 29
6 9 11
22 9 28
7 8 10
24 9 30
17 7 13
15 25 13
11 12 14
16 27 13
12
14
18 26 11
17 20 23
20 22 25
18 19 21
20 24 27
19 23 8
18 22 24
21 23 10
19 26 12
17 25 27
21 26 14
3 8 29
6 28 30
5 10 29
32 3 34
31 33 0
32 5 35
31
33
2
15 16
34 35
61
36
3 1 7
0
3 5 19
2 4 0
3 6 21
2
4
0 9 13
33 9 11
7 8 10
35 9 12
8
10
14 34 7
16 18 13
16 33 27
14 15 17
29 16 35
14 20 22
2 30 20
18 19 21
4 32 20
31 18 23
28 22 25
30 25 27
23 24 26
29 32 25
28 15 24
29 23 27
28 17 26
31 19 24
30 32 22
31 21 26
15 34 8
33 35 13
17 34 10
2
5 6
11 12
62
36
2 32 1
0
3 0 27
2 5 7
5 26 12
3 4 6
5 28 14
3 9 11
31 20 9
7 8 10
33 22 9
15 7 13
4 23 13
11 12 14
6 25 13
16 24 11
15 18 21
18 20 23
16 17 19
18 22 25
17 21 8
16 20 22
19 21 10
17 24 12
15 23 25
19 24 14
4 27 29
2 26 28
6 27 30
26
28
32 34 8
31 33 0
32 35 10
31
33
2
29 30
34 35
63
36
3 1 7
0
3 33 5
2 4 0
3 35 6
2
4
0 34 8
7 10 12
33 19 10
8 9 11
35 21 10
14 18 8
14 16 27
15 12 13
14 17 29
13
15
20 22 12
30 20 9
18 19 21
32 20 11
31 18 23
22 25 28
30 25 27
23 24 26
32 25 29
24 28 13
23 27 29
15 26 28
31 19 24
30 32 22
31 21 26
2 34 9
33 35 7
4 34 11
2
5 6
16 17
64
36
2 32 1
0
4 0 6
31 4 13
2 3 5
15 33 4
2 8 12
17 8 10
6 7 9
19 8 11
7
9
16 6 14
3 25 14
15 12 13
5 27 14
18 20 12
18 7 28
16 17 19
18 9 30
16 21 29
20 23 26
23 25 28
21 22 24
23 27 30
22 26 13
21 25 27
15 24 26
17 22 29
20 28 30
19 24 29
32 3 34
31 33 0
32 5 35
31
33
2
10 11
34 35
65
36
3 1 7
0
14 3 5
2 4 0
3 16 6
2
4
0 9 13
18 9 11
7 8 10
20 9 12
8
10
15 17 7
2 15 22
14 16 13
15 4 24
19 21 13
30 19 8
17 18 20
32 19 10
17 23 25
14 33 23
21 22 24
16 35 23
34 21 26
28 31 25
28 30 33
29 26 27
28 32 35
31 18 27
30 32 26
29 31 20
34 22 27
33 35 25
29 34 24
2
5 6
11 12
66
40
2 36 1
0
31 3 0
2 4 28
3 5 25
4 6 22
19 5 7
6 8 16
7 10 13
10 12 15
8 9 11
17 10 14
18 9 13
8 12 14
20 11 13
21 9 16
17 7 15
23 11 16
19 24 12
18 20 6
19 26 14
22 27 15
5 21 23
17 22 29
18 25 30
4 24 26
32 20 25
21 35 28
3 27 29
23 37 28
31 33 24
2 32 30
31 34 26
30
32
36 38 27
35 37 0
36 39 29
35
37
2
33 34
38 39
67
40
3 1 7
0
3 5 37
2 4 0
3 6 39
2
4
0 38 8
33 7 9
30 8 10
9 11 27
24 10 12
21 11 13
15 18 12
15 17 20
14 16 13
15 19 22
14 18 23
17 19 13
16 18 25
14 21 26
20 22 12
16 21 28
17 24 29
23 25 11
31 19 24
32 20 27
10 26 28
34 22 27
30 37 23
31 9 29
30 39 25
33 35 26
32 34 8
33 36 28
32
34
2 38 29
37 7 39
31 4 38
2
5 6
35 36
68
40
2 36 1
0
4 0 6
32 4 35
2 3 5
4 34 37
2 33 7
6 8 28
7 9 25
22 8 10
19 9 11
16 10 13
15 18 13
11 12 14
17 20 13
16 21 12
15 17 11
16 23 14
19 24 12
18 20 10
19 26 14
15 22 27
21 23 9
17 22 29
32 18 25
8 24 26
34 20 25
21 28 30
7 27 29
31 23 28
27
29
3 33 24
32 34 6
33 5 26
3 36 38
35 0 37
5 36 39
35
37
2
30 31
38 39
69
40
3 1 7
0
3 34 5
2 4 0
3 6 36
2
4
0 9 13
37 9 11
7 8 10
9 39 12
8
10
14 7 38
15 35 13
14 16 32
15 17 29
16 18 26
17 20 23
20 22 25
18 19 21
20 24 27
19 23 28
18 22 24
30 21 23
31 19 26
17 25 27
33 21 26
34 22 29
30 16 28
36 24 29
32 37 25
15 31 33
32 39 27
2 35 28
14 34 36
30 4 35
31 8 38
37 39 13
33 38 10
2
5 6
11 12
70
40
2 36 1
0
31 3 0
2 5 7
5 27 30
3 4 6
32 5 29
3 8 28
7 9 25
22 8 10
19 9 11
10 13 16
18 13 15
11 12 14
17 20 13
21 12 16
17 11 15
23 14 16
19 24 12
18 20 10
19 26 14
22 27 15
21 23 9
17 22 29
18 35 25
8 24 26
20 37 25
4 21 28
7 27 29
6 23 28
31 33 4
2 32 30
31 34 6
30
32
36 24 38
35 37 0
36 26 39
35
37
2
33 34
38 39
71
40
3 1 7
0
3 5 37
2 4 0
3 6 39
2
4
0 38 8
7 10 12
34 37 10
8 9 11
36 39 10
35 8 13
14 30 12
15 27 13
14 16 24
15 18 21
18 20 23
16 17 19
18 22 25
17 21 26
16 20 22
19 21 28
17 24 29
15 23 25
31 19 24
34 20 27
14 26 28
36 22 27
30 32 23
31 13 29
30 33 25
29
31
35 9 26
34 36 12
35 11 28
2 38 9
37 7 39
4 38 11
2
5 6
32 33
72
40
2 36 1
0
4 0 6
4 35 29
2 3 5
31 4 37
2 8 12
32 8 10
6 7 9
34 8 11
7
9
33 6 13
12 14 30
15 27 13
16 24 14
15 18 21
18 20 23
16 17 19
18 22 25
17 21 26
16 20 22
19 21 28
17 24 29
15 23 25
31 19 24
32 20 27
26 28 14
34 22 27
3 23 30
31 13 29
5 25 30
33 7 26
32 34 12
33 9 28
3 36 38
35 0 37
5 36 39
35
37
2
10 11
38 39
73
40
3 1 7
0
14 3 5
2 4 0
3 16 6
2
4
0 9 13
34 9 11
7 8 10
36 9 12
8
10
15 17 7
2 15 37
14 16 13
15 4 39
18 38 13
17 19 35
32 18 20
29 19 21
20 23 26
28 23 25
21 22 24
30 23 27
31 22 26
21 25 27
33 24 26
29 34 22
28 30 20
29 36 24
32 37 25
31 33 19
32 39 27
28 35 8
18 34 36
30 35 10
14 31 38
17 37 39
16 33 38
2
5 6
11 12
74
40
2 36 1
0
31 3 0
2 4 28
3 6 8
6 24 27
4 5 7
6 26 29
4 9 25
22 8 10
19 9 11
10 13 16
18 13 15
11 12 14
17 20 13
21 12 16
17 11 15
23 14 16
19 24 12
18 20 10
19 26 14
22 15 30
21 23 9
17 32 22
18 5 25
8 24 26
20 7 25
5 35 28
3 27 29
7 37 28
31 33 21
2 32 30
31 34 23
30
32
36 38 27
35 37 0
36 39 29
35
37
2
33 34
38 39
75
40
3 1 7
0
3 5 37
2 4 0
3 6 39
2
4
0 38 8
33 7 9
8 11 13
32 11 29
9 10 12
31 34 11
14 30 9
15 27 13
14 16 24
15 18 21
18 20 23
16 17 19
18 22 25
17 21 26
16 20 22
19 21 28
17 24 29
15 23 25
31 19 24
20 37 27
14 26 28
22 39 27
30 23 10
31 13 29
30 25 12
33 35 10
32 34 8
33 36 12
32
34
2 38 26
37 7 39
4 38 28
2
5 6
35 36
76
40
2 36 1
0
4 0 6
32 4 35
2 3 5
4 34 37
2 33 7
6 9 11
32 9 29
7 8 10
31 34 9
7 12 30
25 11 13
22 12 14
16 19 13
16 18 21
15 17 14
16 20 23
15 19 24
18 20 14
17 19 26
15 22 29
21 23 13
31 17 22
18 25 27
24 26 12
20 25 28
24
26
21 8 30
31 11 29
23 10 30
3 33 8
32 34 6
33 5 10
3 36 38
35 0 37
5 36 39
35
37
2
27 28
38 39
77
40
3 1 7
0
3 31 5
2 4 0
3 33 6
2
4
0 9 13
37 9 11
7 8 10
9 39 12
8
10
14 7 38
16 18 13
16 34 37
14 15 17
16 36 39
14 19 35
32 18 20
19 21 29
20 23 26
23 25 28
21 22 24
30 23 27
31 22 26
21 25 27
33 24 26
34 22 29
30 20 28
36 24 29
2 32 25
31 33 19
32 4 27
15 35 28
18 34 36
30 17 35
15 8 38
37 39 13
17 38 10
2
5 6
11 12
78
40
2 36 1
0
31 3 0
2 5 7
5 24 30
3 4 6
32 5 26
3 9 11
35 9 27
7 8 10
37 9 29
7 12 28
25 11 13
22 12 14
16 19 13
16 18 21
15 17 14
16 20 23
15 19 24
18 20 14
17 19 26
15 22 27
21 23 13
17 22 29
4 18 25
24 26 12
6 20 25
21 8 28
11 27 29
23 10 28
31 33 4
2 32 30
31 34 6
30
32
36 8 38
35 37 0
36 10 39
35
37
2
33 34
38 39
79
40
3 1 7
0
3 5 37
2 4 0
3 6 39
2
4
0 38 8
7 10 12
31 37 10
8 9 11
33 39 10
14 18 8
14 16 34
15 12 13
14 17 36
13
15
19 35 12
32 18 20
19 21 29
20 23 26
23 25 28
21 22 24
30 23 27
31 22 26
21 25 27
33 24 26
34 22 29
30 20 28
36 24 29
32 9 25
31 33 19
32 11 27
35 28 13
18 34 36
30 15 35
2 38 9
37 7 39
4 38 11
2
5 6
16 17
80
40
2 36 1
0
4 0 6
4 35 13
2 3 5
15 4 37
2 8 12
8 10 29
6 7 9
31 8 11
7
9
16 6 14
32 3 14
15 12 13
34 5 14
17 33 12
16 18 30
17 19 27
18 21 24
21 23 26
19 20 22
21 25 28
20 24 29
19 23 25
31 22 24
32 20 27
18 26 28
34 22 27
7 23 30
31 17 29
9 25 30
33 26 13
16 32 34
15 33 28
3 36 38
35 0 37
5 36 39
35
37
2
10 11
38 39
81
40
3 1 7
0
14 3 5
2 4 0
3 16 6
2
4
0 9 13
18 9 11
7 8 10
20 9 12
8
10
15 17 7
2 15 34
14 16 13
15 4 36
19 21 13
19 37 8
17 18 20
19 39 10
17 22 38
35 21 23
32 22 24
29 23 26
28 31 26
24 25 27
30 33 26
29 34 25
28 30 24
29 36 27
32 37 25
31 33 23
32 39 27
14 28 35
34 36 22
16 30 35
31 18 38
21 37 39
33 20 38
2
5 6
11 12
82
40
2 36 1
0
31 3 0
2 4 28
3 5 25
4 7 9
21 7 24
5 6 8
7 23 26
5 22 10
19 9 11
10 13 16
18 13 15
11 12 14
17 20 13
21 12 16
17 11 15
23 14 16
19 27 12
18 20 10
19 29 14
6 22 15
21 23 9
17 22 8
6 25 30
4 24 26
32 8 25
18 35 28
3 27 29
20 37 28
31 33 24
2 32 30
31 34 26
30
32
36 38 27
35 37 0
36 39 29
35
37
2
33 34
38 39
83
40
3 1 7
0
3 5 37
2 4 0
3 6 39
2
4
0 38 8
33 7 9
30 8 10
14 9 12
26 12 29
10 11 13
31 12 28
15 10 27
14 16 24
15 18 21
18 20 23
16 17 19
18 22 25
17 21 26
16 20 22
19 21 28
32 17 24
15 23 25
34 19 24
20 11 27
14 26 28
22 27 13
30 37 11
31 9 29
30 39 13
33 35 23
32 34 8
33 36 25
32
34
2 38 29
37 7 39
31 4 38
2
5 6
35 36
84
40
2 36 1
0
4 0 6
32 4 35
2 3 5
4 34 37
2 33 7
6 8 28
7 10 12
24 10 27
8 9 11
10 26 29
8 25 13
22 12 14
16 19 13
16 18 21
15 17 14
16 20 23
15 19 24
18 20 14
17 19 26
15 32 22
21 23 13
17 34 22
18 9 25
24 26 12
20 25 11
9 28 30
7 27 29
31 11 28
27
29
3 33 21
32 34 6
33 5 23
3 36 38
35 0 37
5 36 39
35
37
2
30 31
38 39
85
40
3 1 7
0
3 34 5
2 4 0
3 6 36
2
4
0 9 13
37 9 11
7 8 10
9 39 12
8
10
14 7 38
15 35 13
14 17 19
31 17 34
15 16 18
17 33 36
15 32 20
19 21 29
20 23 26
23 25 28
21 22 24
30 23 27
31 22 26
21 25 27
33 24 26
22 37 29
30 20 28
24 39 29
16 32 25
31 33 19
32 18 27
2 16 35
14 34 36
4 18 35
8 38 28
37 39 13
30 38 10
2
5 6
11 12
86
40
2 36 1
0
31 3 0
2 5 7
5 27 30
3 4 6
32 5 29
3 8 28
7 10 12
10 24 27
8 9 11
10 26 29
8 25 13
22 12 14
19 13 16
18 21 16
17 14 15
20 23 16
19 24 15
18 20 14
17 19 26
35 22 15
21 23 13
17 22 37
18 9 25
24 12 26
20 11 25
4 9 28
7 27 29
6 11 28
31 33 4
2 32 30
31 34 6
30
32
21 36 38
35 37 0
36 23 39
35
37
2
33 34
38 39
87
40
3 1 7
0
3 5 37
2 4 0
3 6 39
2
4
0 38 8
7 10 12
34 37 10
8 9 11
36 39 10
35 8 13
15 17 12
15 31 34
14 16 13
15 33 36
32 18 13
17 19 27
18 21 24
21 23 26
19 20 22
21 25 28
31 20 24
19 23 25
33 22 24
20 27 29
18 26 28
30 22 27
26
28
14 32 23
31 17 33
16 32 25
14 35 9
34 36 12
16 35 11
2 38 9
37 7 39
4 38 11
2
5 6
29 30
88
40
2 36 1
0
4 0 6
4 35 26
2 3 5
4 37 28
2 8 12
32 8 10
6 7 9
34 8 11
7
9
33 6 13
15 17 12
15 32 29
16 13 14
15 31 34
18 13 30
17 19 27
18 21 24
21 23 26
19 20 22
21 25 28
20 24 29
19 23 25
31 22 24
3 20 27
18 26 28
5 22 27
23 14 30
31 17 29
16 25 30
33 7 14
32 34 12
16 33 9
3 36 38
35 0 37
5 36 39
35
37
2
10 11
38 39
89
40
3 1 7
0
14 3 5
2 4 0
3 16 6
2
4
0 9 13
31 9 11
7 8 10
33 9 12
8
10
15 17 7
2 15 37
14 16 13
15 4 39
18 38 13
17 20 22
34 20 37
18 19 21
20 36 39
18 35 23
32 22 24
29 23 26
28 31 26
24 25 27
30 33 26
29 34 25
28 30 24
29 36 27
32 8 25
31 33 23
32 10 27
28 19 35
34 36 22
30 35 21
14 19 38
17 37 39
16 21 38
2
5 6
11 12
90
40
2 36 1
0
31 3 0
2 4 28
3 6 8
21 6 27
4 5 7
6 23 29
4 10 12
24 10 30
8 9 11
32 10 26
8 25 13
22 12 14
19 13 16
18 21 16
17 14 15
20 23 16
19 24 15
18 20 14
17 19 26
5 22 15
21 23 13
17 22 7
18 9 25
24 26 12
20 25 11
5 35 28
3 27 29
7 37 28
31 33 9
2 32 30
31 34 11
30
32
36 38 27
35 37 0
36 39 29
35
37
2
33 34
38 39
91
40
3 1 7
0
3 5 37
2 4 0
3 6 39
2
4
0 38 8
33 7 9
8 11 13
32 26 11
9 10 12
34 11 28
15 17 9
15 37 29
14 16 13
15 31 39
30 18 13
17 19 27
18 21 24
21 23 26
19 20 22
21 25 28
20 24 29
19 23 25
31 22 24
20 10 27
18 26 28
22 27 12
14 30 23
31 17 29
30 16 25
33 35 10
32 34 8
33 36 12
32
34
14 2 38
37 7 39
16 4 38
2
5 6
35 36
92
40
2 36 1
0
4 0 6
32 4 35
2 3 5
4 34 37
2 33 7
6 9 11
32 9 26
7 8 10
34 9 28
17 7 13
15 13 29
11 12 14
31 16 13
12
14
18 11 30
17 19 27
18 21 24
21 23 26
19 20 22
21 25 28
20 24 29
19 23 25
31 22 24
20 8 27
18 26 28
22 10 27
23 12 30
31 17 29
25 14 30
3 33 8
32 34 6
33 5 10
3 36 38
35 0 37
5 36 39
35
37
2
15 16
38 39
93
40
3 1 7
0
3 5 19
2 4 0
3 6 21
2
4
0 9 13
37 9 11
7 8 10
9 39 12
8
10
14 7 38
16 18 13
16 31 37
14 15 17
16 33 39
14 20 22
2 20 34
18 19 21
4 20 36
18 35 23
32 22 24
29 23 26
28 31 26
24 25 27
30 33 26
29 34 25
28 30 24
29 36 27
15 32 25
31 33 23
17 32 27
28 19 35
34 36 22
30 21 35
15 8 38
37 39 13
17 38 10
2
5 6
11 12
94
40
2 36 1
0
31 3 0
2 5 7
5 12 30
3 4 6
32 5 14
3 9 11
35 9 24
7 8 10
37 9 26
15 7 13
4 27 13
11 12 14
6 13 29
16 11 28
15 17 25
16 19 22
19 21 24
17 18 20
19 23 26
18 22 27
17 21 23
20 22 29
18 8 25
16 24 26
20 10 25
21 12 28
15 27 29
23 28 14
31 33 4
2 32 30
31 34 6
30
32
36 8 38
35 37 0
36 10 39
35
37
2
33 34
38 39
95
40
3 1 7
0
3 5 37
2 4 0
3 6 39
2
4
0 38 8
7 10 12
19 37 10
8 9 11
21 39 10
14 18 8
14 31 16
15 12 13
14 17 33
13
15
20 22 12
34 20 9
18 19 21
20 36 11
18 35 23
32 22 24
23 26 29
31 26 28
24 25 27
30 33 26
34 25 29
30 24 28
36 27 29
32 25 13
31 33 23
15 32 27
19 35 28
34 36 22
30 35 21
2 38 9
37 7 39
4 38 11
2
5 6
16 17
96
40
2 36 1
0
4 0 6
4 35 13
2 3 5
15 4 37
2 8 12
17 8 10
6 7 9
19 8 11
7
9
16 6 14
3 29 14
15 12 13
31 5 14
18 20 12
32 18 7
16 17 19
18 34 9
16 33 21
20 22 30
21 24 27
24 26 29
22 23 25
31 24 28
32 23 27
22 26 28
34 25 27
23 13 30
31 21 29
15 25 30
17 33 26
32 34 20
33 19 28
3 36 38
35 0 37
5 36 39
35
37
2
10 11
38 39
97
40
3 1 7
0
14 3 5
2 4 0
3 16 6
2
4
0 9 13
18 9 11
7 8 10
20 9 12
8
10
15 17 7
2 15 22
14 16 13
15 4 24
19 21 13
34 19 8
17 18 20
19 36 10
17 23 25
14 37 23
21 22 24
16 23 39
21 38 26
35 25 27
29 32 26
29 31 34
28 30 27
29 33 36
28 32 37
31 33 27
30 32 39
28 18 35
34 36 26
30 35 20
31 22 38
37 39 25
33 38 24
2
5 6
11 12
98
40
2 36 1
0
31 3 0
2 4 28
3 5 25
4 6 22
5 8 10
18 21 8
6 7 9
20 23 8
19 6 11
10 13 16
18 13 15
11 12 14
17 20 13
24 12 16
17 11 15
26 14 16
19 7 12
18 20 10
19 9 14
22 7 27
5 21 23
22 9 29
25 15 30
4 24 26
17 32 25
21 35 28
3 27 29
23 37 28
31 33 24
2 32 30
31 34 26
30
32
36 38 27
35 37 0
36 39 29
35
37
2
33 34
38 39
99
40
3 1 7
0
3 5 37
2 4 0
3 6 39
2
4
0 38 8
33 7 9
30 8 10
9 11 27
15 10 13
23 26 13
14 11 12
25 28 13
16 24 11
15 18 21
18 20 23
16 17 19
18 22 25
17 21 29
16 20 22
31 19 21
17 24 12
15 23 25
14 19 24
32 27 12
10 26 28
14 34 27
30 20 37
31 9 29
30 22 39
33 35 26
32 34 8
33 36 28
32
34
2 38 29
37 7 39
31 4 38
2
5 6
35 36
100
40
2 36 1
0
4 0 6
32 4 35
2 3 5
4 34 37
2 33 7
6 8 28
7 9 25
8 11 13
21 24 11
9 10 12
23 26 11
22 9 14
16 19 13
16 18 21
15 17 14
16 20 23
15 19 27
18 20 14
17 19 29
15 22 10
21 23 13
17 22 12
32 25 10
8 24 26
34 25 12
18 28 30
7 27 29
31 20 28
27
29
3 33 24
32 34 6
33 5 26
3 36 38
35 0 37
5 36 39
35
37
2
30 31
38 39
101
40
3 1 7
0
3 34 5
2 4 0
3 6 36
2
4
0 9 13
37 9 11
7 8 10
9 39 12
8
10
14 7 38
15 35 13
14 16 32
15 18 20
31 18 28
16 17 19
30 33 18
16 21 29
20 23 26
23 25 28
21 22 24
30 23 27
34 22 26
21 25 27
36 24 26
17 22 29
30 20 28
19 24 29
32 17 37
15 31 33
32 19 39
2 35 25
14 34 36
4 35 27
31 8 38
37 39 13
33 38 10
2
5 6
11 12
102
40
2 36 1
0
31 3 0
2 5 7
5 27 30
3 4 6
32 5 29
3 8 28
7 9 25
8 11 13
21 24 11
9 10 12
23 26 11
22 9 14
19 13 16
18 21 16
17 14 15
20 23 16
19 27 15
18 20 14
17 19 29
22 10 15
21 23 13
17 22 12
35 25 10
8 24 26
37 25 12
18 4 28
7 27 29
20 6 28
31 33 4
2 32 30
31 34 6
30
32
36 24 38
35 37 0
36 26 39
35
37
2
33 34
38 39
103
40
3 1 7
0
3 5 37
2 4 0
3 6 39
2
4
0 38 8
7 10 12
34 37 10
8 9 11
36 39 10
35 8 13
14 30 12
16 18 13
16 26 29
14 15 17
31 16 28
14 19 27
18 21 24
21 23 26
19 20 22
21 25 28
34 20 24
19 23 25
36 22 24
15 20 27
18 26 28
17 22 27
30 15 32
31 13 29
30 17 33
29
31
35 23 9
34 36 12
35 25 11
2 38 9
37 7 39
4 38 11
2
5 6
32 33
104
40
2 36 1
0
4 0 6
4 35 29
2 3 5
31 4 37
2 8 12
32 8 10
6 7 9
34 8 11
7
9
33 6 13
12 14 30
16 18 13
16 26 29
15 17 14
31 16 28
19 27 14
18 21 24
21 23 26
19 20 22
21 25 28
32 20 24
19 23 25
34 22 24
15 20 27
18 26 28
17 22 27
15 3 30
31 13 29
17 5 30
33 7 23
32 34 12
33 9 25
3 36 38
35 0 37
5 36 39
35
37
2
10 11
38 39
105
40
3 1 7
0
14 3 5
2 4 0
3 16 6
2
4
0 9 13
34 9 11
7 8 10
36 9 12
8
10
15 17 7
2 15 37
14 16 13
15 4 39
18 38 13
17 19 35
18 21 23
31 34 21
19 20 22
33 36 21
32 19 24
29 23 26
28 31 26
24 25 27
30 33 26
29 37 25
28 30 24
29 39 27
32 20 25
31 33 23
32 22 27
35 20 8
18 34 36
35 22 10
14 28 38
17 37 39
16 30 38
2
5 6
11 12
106
40
2 36 1
0
31 3 0
2 4 28
3 6 8
6 24 27
4 5 7
6 26 29
4 9 25
8 11 13
21 24 11
9 10 12
23 26 11
22 9 14
19 13 16
18 21 16
17 14 15
20 23 16
19 15 30
18 20 14
17 32 19
22 10 15
21 23 13
17 22 12
5 25 10
8 24 26
7 25 12
5 35 28
3 27 29
7 37 28
31 18 33
2 32 30
31 20 34
30
32
36 38 27
35 37 0
36 39 29
35
37
2
33 34
38 39
107
40
3 1 7
0
3 5 37
2 4 0
3 6 39
2
4
0 38 8
33 7 9
8 11 13
32 11 29
9 10 12
31 34 11
14 30 9
16 18 13
16 26 29
14 15 17
31 16 28
14 19 27
18 21 24
21 23 26
19 20 22
21 25 28
20 37 24
19 23 25
22 39 24
15 20 27
18 26 28
17 22 27
30 15 10
31 13 29
30 17 12
33 35 10
32 34 8
33 36 12
32
34
2 38 23
37 7 39
4 38 25
2
5 6
35 36
108
40
2 36 1
0
4 0 6
32 4 35
2 3 5
4 34 37
2 33 7
6 9 11
32 9 29
7 8 10
31 34 9
7 12 30
16 11 14
26 29 14
15 12 13
31 28 14
17 27 12
16 19 22
19 21 26
17 18 20
19 23 28
18 22 24
17 21 23
20 22 25
21
23
18 27 13
16 26 28
15 20 27
8 13 30
31 11 29
15 10 30
3 33 8
32 34 6
33 5 10
3 36 38
35 0 37
5 36 39
35
37
2
24 25
38 39
109
40
3 1 7
0
3 5 28
2 4 0
30 3 6
2
4
0 9 13
37 9 11
7 8 10
9 39 12
8
10
14 7 38
16 18 13
16 34 37
14 15 17
16 36 39
14 19 35
18 21 23
31 34 21
19 20 22
33 21 36
32 19 24
23 26 29
31 26 28
24 25 27
30 33 26
2 25 29
30 24 28
4 27 29
32 20 25
31 33 23
32 22 27
15 20 35
18 34 36
17 35 22
15 8 38
37 39 13
17 38 10
2
5 6
11 12
110
40
2 36 1
0
31 3 0
2 5 7
5 21 30
3 4 6
32 5 23
3 9 11
35 9 27
7 8 10
37 9 29
7 12 28
16 11 14
24 27 14
15 12 13
26 29 14
17 25 12
16 19 22
19 21 24
17 18 20
19 23 26
4 18 22
17 21 23
6 20 22
18 25 13
16 24 26
15 20 25
8 28 13
11 27 29
15 10 28
31 33 4
2 32 30
31 34 6
30
32
36 8 38
35 37 0
36 10 39
35
37
2
33 34
38 39
111
40
3 1 7
0
3 5 37
2 4 0
3 6 39
2
4
0 38 8
7 10 12
37 10 28
8 9 11
30 39 10
14 18 8
14 16 34
15 12 13
14 17 36
13
15
19 35 12
18 21 23
31 34 21
19 20 22
33 36 21
32 19 24
23 26 29
31 26 28
24 25 27
30 33 26
9 25 29
30 24 28
11 27 29
32 20 25
31 33 23
32 22 27
35 20 13
18 34 36
15 35 22
2 38 9
37 7 39
4 38 11
2
5 6
16 17
112
40
2 36 1
0
4 0 6
4 35 13
2 3 5
15 4 37
2 8 12
8 10 26
6 7 9
8 11 28
7
9
16 6 14
32 3 14
15 12 13
34 5 14
17 33 12
16 19 21
32 19 29
17 18 20
31 34 19
17 22 30
21 24 27
24 26 29
22 23 25
31 24 28
7 23 27
22 26 28
9 25 27
18 23 30
31 21 29
20 25 30
33 18 13
16 32 34
15 33 20
3 36 38
35 0 37
5 36 39
35
37
2
10 11
38 39
113
40
3 1 7
0
14 3 5
2 4 0
3 16 6
2
4
0 9 13
18 9 11
7 8 10
20 9 12
8
10
15 17 7
2 15 31
14 16 13
15 4 33
19 21 13
19 37 8
17 18 20
19 39 10
17 22 38
21 24 26
34 37 24
22 23 25
36 39 24
35 22 27
29 32 26
29 31 34
28 30 27
29 33 36
14 28 32
31 33 27
16 30 32
28 35 23
34 36 26
30 35 25
18 38 23
21 37 39
20 38 25
2
5 6
11 12
114
40
2 36 1
0
31 3 0
2 4 28
3 5 25
4 7 9
18 7 24
5 6 8
20 7 26
5 11 13
21 11 27
9 10 12
23 11 29
22 9 14
19 13 16
18 21 16
17 14 15
20 23 16
19 6 15
18 20 14
17 19 8
22 10 15
21 23 13
17 22 12
6 25 30
4 24 26
32 8 25
35 10 28
3 27 29
37 12 28
31 33 24
2 32 30
31 34 26
30
32
36 38 27
35 37 0
36 39 29
35
37
2
33 34
38 39
115
40
3 1 7
0
3 5 37
2 4 0
3 6 39
2
4
0 38 8
33 7 9
30 8 10
14 9 12
23 12 29
10 11 13
31 25 12
16 18 10
16 32 26
14 15 17
16 34 28
14 19 27
18 21 24
21 23 26
19 20 22
21 25 28
20 24 11
19 23 25
22 24 13
15 20 27
18 26 28
17 22 27
30 37 11
31 9 29
30 39 13
15 33 35
32 34 8
17 33 36
32
34
2 38 29
37 7 39
31 4 38
2
5 6
35 36
116
40
2 36 1
0
4 0 6
32 4 35
2 3 5
4 34 37
2 33 7
6 8 28
7 10 12
21 10 27
8 9 11
23 10 29
16 8 14
32 24 14
15 12 13
34 26 14
17 25 12
16 19 22
19 21 24
17 18 20
19 23 26
18 22 9
17 21 23
20 22 11
18 25 13
16 24 26
15 20 25
9 28 30
7 27 29
31 11 28
27
29
3 33 13
32 34 6
15 33 5
3 36 38
35 0 37
5 36 39
35
37
2
30 31
38 39
117
40
3 1 7
0
3 34 5
2 4 0
3 6 36
2
4
0 9 13
37 9 11
7 8 10
9 39 12
8
10
14 7 38
15 35 13
14 17 19
17 34 28
15 16 18
30 17 36
15 21 23
31 21 37
19 20 22
33 21 39
32 19 24
23 26 29
31 26 28
24 25 27
30 33 26
16 25 29
30 24 28
18 27 29
32 20 25
31 33 23
32 22 27
2 16 35
14 34 36
4 18 35
20 8 38
37 39 13
22 38 10
2
5 6
11 12
118
40
2 1 36
0
31 3 0
2 5 7
5 27 30
3 4 6
32 5 29
3 8 28
7 10 12
21 10 27
8 9 11
23 10 29
16 8 14
35 24 14
12 13 15
37 26 14
17 25 12
16 19 22
19 21 24
17 18 20
19 23 26
18 22 9
17 21 23
20 22 11
18 25 13
16 24 26
20 25 15
4 9 28
7 27 29
6 11 28
31 33 4
2 32 30
31 34 6
30
32
36 38 13
35 37 0
36 39 15
35
37
2
33 34
38 39
119
40
3 1 7
0
3 5 37
2 4 0
3 6 39
2
4
0 38 8
7 10 12
34 37 10
8 9 11
36 39 10
35 8 13
15 17 12
15 34 28
14 16 13
30 15 36
19 23 13
31 19 21
17 18 20
33 19 22
18
20
32 17 24
23 26 29
31 26 28
24 25 27
30 33 26
14 25 29
30 24 28
16 27 29
32 18 25
31 33 23
32 20 27
14 35 9
34 36 12
16 35 11
2 38 9
37 7 39
4 38 11
2
5 6
21 22
120
40
2 36 1
0
4 0 6
4 18 35
2 3 5
4 20 37
2 8 12
32 8 10
6 7 9
34 8 11
7
9
33 6 13
15 17 12
15 32 26
16 13 14
15 34 28
19 21 13
3 19 29
17 18 20
31 5 19
17 22 30
21 24 27
24 26 29
22 23 25
31 24 28
23 27 14
22 26 28
16 25 27
18 23 30
31 21 29
20 25 30
33 7 14
32 34 12
16 33 9
3 36 38
35 0 37
5 36 39
35
37
2
10 11
38 39
121
40
3 1 7
0
14 3 5
2 4 0
3 16 6
2
4
0 9 13
9 23 11
7 8 10
9 25 12
8
10
15 17 7
2 15 37
14 16 13
15 4 39
18 38 13
17 20 22
31 20 37
18 19 21
33 20 39
18 24 26
34 8 24
22 23 25
36 10 24
35 22 27
29 32 26
29 31 34
28 30 27
29 33 36
28 32 19
31 33 27
30 32 21
28 35 23
34 36 26
30 35 25
14 19 38
17 37 39
16 21 38
2
5 6
11 12
122
40
2 36 1
0
31 3 0
2 4 28
3 6 8
6 27 13
4 5 7
6 29 15
4 10 12
21 10 30
8 9 11
32 23 10
8 14 16
5 24 14
12 13 15
7 26 14
17 25 12
19 22 16
19 21 24
17 18 20
19 23 26
18 22 9
17 21 23
20 22 11
18 25 13
24 26 16
20 25 15
5 35 28
3 27 29
7 37 28
31 33 9
2 32 30
31 34 11
30
32
36 38 27
35 37 0
36 39 29
35
37
2
33 34
38 39
123
40
3 1 7
0
3 5 37
2 4 0
3 6 39
2
4
0 38 8
33 7 9
8 11 13
32 18 11
9 10 12
34 20 11
15 17 9
15 37 26
14 16 13
15 39 28
19 21 13
19 10 29
17 18 20
31 19 12
30 17 22
21 24 27
24 26 29
22 23 25
31 24 28
14 23 27
22 26 28
16 25 27
30 18 23
31 21 29
30 20 25
33 35 10
32 34 8
33 36 12
32
34
14 2 38
37 7 39
16 4 38
2
5 6
35 36
124
40
2 36 1
0
4 0 6
32 4 35
2 3 5
4 34 37
2 33 7
6 9 11
32 18 9
7 8 10
34 20 9
17 7 13
15 26 13
11 12 14
16 28 13
12
14
19 21 11
19 8 29
17 18 20
31 19 10
17 22 30
21 24 27
24 26 29
22 23 25
31 24 28
23 27 12
22 26 28
25 27 14
18 23 30
31 21 29
20 25 30
3 33 8
32 34 6
33 5 10
3 36 38
35 0 37
5 36 39
35
37
2
15 16
38 39
125
40
3 1 7
0
3 5 19
2 4 0
3 6 21
2
4
0 9 13
37 9 11
7 8 10
9 39 12
8
10
14 7 38
16 18 13
16 37 23
14 15 17
16 39 25
14 20 22
2 31 20
18 19 21
4 33 20
18 24 26
15 34 24
22 23 25
17 36 24
35 22 27
29 32 26
29 31 34
28 30 27
29 33 36
28 32 19
31 33 27
30 32 21
28 35 23
34 36 26
30 35 25
15 8 38
37 39 13
17 38 10
2
5 6
11 12
126
40
2 36 1
0
31 3 0
2 5 7
5 12 30
3 4 6
32 5 14
3 9 11
16 35 9
7 8 10
18 37 9
15 7 13
4 24 13
11 12 14
6 26 13
17 19 11
17 8 27
15 16 18
17 10 29
15 20 28
19 22 25
22 24 27
20 21 23
22 26 29
21 25 12
20 24 26
23 25 14
16 21 28
19 27 29
18 23 28
31 33 4
2 32 30
31 34 6
30
32
36 8 38
35 37 0
36 10 39
35
37
2
33 34
38 39
127
40
3 1 7
0
3 5 37
2 4 0
3 6 39
2
4
0 38 8
7 10 12
19 37 10
8 9 11
21 39 10
14 18 8
14 16 23
15 12 13
14 17 25
13
15
20 22 12
31 20 9
18 19 21
33 20 11
18 24 26
34 24 13
22 23 25
15 36 24
35 22 27
32 26 29
31 34 29
30 27 28
33 36 29
32 19 28
31 33 27
30 32 21
35 23 28
34 36 26
30 35 25
2 38 9
37 7 39
4 38 11
2
5 6
16 17
128
40
2 36 1
0
4 0 6
4 35 13
2 3 5
15 4 37
2 8 12
17 8 10
6 7 9
19 8 11
7
9
16 6 14
3 21 14
15 12 13
5 23 14
18 20 12
18 7 29
16 17 19
31 18 9
16 22 24
32 22 13
20 21 23
15 34 22
33 20 25
24 27 30
32 27 29
25 26 28
31 34 27
17 26 30
31 25 29
19 28 30
33 21 26
32 34 24
33 23 28
3 36 38
35 0 37
5 36 39
35
37
2
10 11
38 39
129
40
3 1 7
0
14 3 5
2 4 0
3 16 6
2
4
0 9 13
18 9 11
7 8 10
20 9 12
8
10
15 17 7
2 15 22
14 16 13
15 4 24
19 21 13
19 8 26
17 18 20
28 19 10
17 23 25
14 34 23
21 22 24
16 36 23
29 21 27
18 37 27
28 25 26
20 39 27
30 38 25
29 32 35
32 34 37
30 31 33
32 36 39
31 35 22
30 34 36
33 35 24
31 38 26
29 37 39
28 33 38
2
5 6
11 12
130
44
2 1 40
0
0 3 35
2 4 32
3 5 29
4 6 26
5 7 23
20 6 8
17 7 9
8 11 14
11 13 16
9 10 12
18 11 15
19 10 14
9 13 15
21 12 14
17 22 10
18 8 16
17 24 12
20 25 13
19 21 7
20 27 15
23 28 16
6 22 24
18 23 30
19 26 31
5 25 27
33 21 26
34 22 29
4 28 30
36 24 29
25 39 32
33 3 31
27 41 32
35 37 28
2 34 36
35 38 30
34
36
40 42 31
0 39 41
33 40 43
39
41
2
37 38
42 43
131
44
3 1 7
0
3 5 41
2 4 0
3 6 43
2
4
0 8 42
37 7 9
34 8 10
31 9 11
10 12 28
25 11 13
14 22 12
16 19 13
16 18 21
14 15 17
16 20 23
15 19 24
14 18 20
17 19 26
15 22 27
21 23 13
17 22 29
30 18 25
24 26 12
32 20 25
33 21 28
11 27 29
35 23 28
31 36 24
30 32 10
31 38 26
34 41 27
33 35 9
34 43 29
30 37 39
36 38 8
32 37 40
36
38
2 33 42
7 41 43
4 35 42
2
5 6
39 40
132
44
2 1 40
0
4 0 6
4 36 39
2 3 5
4 38 41
2 37 7
32 6 8
7 9 29
8 10 26
23 9 11
20 10 12
17 11 14
16 19 14
15 12 13
18 21 14
17 22 13
16 18 12
15 17 24
20 25 13
19 21 11
15 20 27
16 23 28
22 24 10
18 23 30
31 19 26
9 25 27
33 21 26
36 22 29
8 28 30
38 24 29
32 34 25
31 33 7
32 35 27
31
33
3 37 28
36 6 38
5 37 30
3 40 42
0 39 41
5 40 43
39
41
2
34 35
42 43
133
44
3 1 7
0
3 5 38
2 4 0
3 6 40
2
4
0 9 13
9 11 41
7 8 10
9 12 43
8
10
14 7 42
15 39 13
14 16 36
15 17 33
30 16 18
17 19 27
18 21 24
21 23 26
19 20 22
21 25 28
20 24 29
19 23 25
31 22 24
32 20 27
18 26 28
34 22 27
30 35 23
31 17 29
30 37 25
33 38 26
16 32 34
33 40 28
36 41 29
15 35 37
31 36 43
2 32 39
14 38 40
4 34 39
35 8 42
41 13 43
37 10 42
2
5 6
11 12
134
44
2 40 1
0
3 35 0
2 5 7
31 34 5
3 4 6
33 5 36
32 3 8
7 9 29
8 10 26
23 9 11
20 10 12
17 11 14
19 14 16
12 13 15
18 21 14
17 22 13
18 12 16
17 24 15
20 25 13
19 21 11
20 27 15
23 28 16
22 24 10
18 23 30
31 19 26
9 25 27
33 21 26
22 39 29
8 28 30
24 41 29
32 4 25
31 33 7
32 6 27
4 35 37
2 34 36
35 6 38
34
36
40 28 42
39 41 0
40 30 43
39
41
2
37 38
42 43
135
44
3 1 7
0
3 5 41
2 4 0
3 6 43
2
4
0 8 42
7 10 12
38 41 10
8 9 11
40 10 43
39 8 13
14 34 12
15 31 13
14 16 28
15 17 25
16 19 22
19 21 24
17 18 20
19 23 26
18 22 27
17 21 23
20 22 29
30 18 25
16 24 26
32 20 25
33 21 28
15 27 29
35 23 28
31 38 24
14 30 32
31 40 26
34 36 27
33 35 13
34 37 29
33
35
30 39 9
38 40 12
32 39 11
2 9 42
7 41 43
4 42 11
2
5 6
36 37
136
44
2 1 40
0
4 0 6
33 4 39
2 3 5
4 35 41
2 8 12
36 8 10
6 7 9
38 8 11
7
9
37 6 13
34 12 14
15 31 13
16 28 14
15 17 25
16 19 22
19 21 24
17 18 20
19 23 26
18 22 27
17 21 23
20 22 29
18 25 30
16 24 26
32 20 25
33 21 28
15 27 29
35 23 28
31 36 24
32 14 30
31 38 26
3 34 27
33 35 13
34 5 29
37 7 30
36 38 12
32 37 9
3 40 42
0 39 41
5 40 43
39
41
2
10 11
42 43
137
44
3 1 7
0
14 3 5
2 4 0
3 16 6
2
4
0 9 13
38 9 11
7 8 10
9 40 12
8
10
15 17 7
2 15 41
14 16 13
15 4 43
18 42 13
17 19 39
18 20 36
33 19 21
30 20 22
21 24 27
29 24 26
22 23 25
28 31 24
32 23 27
28 22 26
34 25 27
30 35 23
29 31 21
30 37 25
33 38 26
32 34 20
28 33 40
29 36 41
19 35 37
31 36 43
32 8 39
18 38 40
34 39 10
14 35 42
17 41 43
16 37 42
2
5 6
11 12
138
44
2 1 40
0
0 3 35
2 4 32
3 6 8
6 28 31
4 5 7
33 6 30
4 9 29
8 10 26
23 9 11
20 10 12
17 11 14
19 14 16
12 13 15
18 21 14
17 22 13
18 12 16
17 24 15
20 25 13
19 21 11
20 27 15
23 28 16
22 24 10
18 23 30
19 34 26
9 25 27
21 36 26
5 22 29
8 28 30
7 24 29
5 39 32
33 3 31
7 41 32
35 37 25
2 34 36
35 38 27
34
36
40 42 31
0 39 41
33 40 43
39
41
2
37 38
42 43
139
44
3 1 7
0
3 5 41
2 4 0
3 6 43
2
4
0 8 42
37 7 9
8 11 13
33 36 11
9 10 12
35 38 11
14 34 9
15 31 13
14 16 28
15 17 25
16 19 22
19 21 24
17 18 20
19 23 26
18 22 27
17 21 23
20 22 29
30 18 25
16 24 26
32 20 25
33 21 28
15 27 29
35 23 28
31 24 41
14 30 32
31 26 43
34 10 27
33 35 13
34 12 29
37 39 10
36 38 8
37 40 12
36
38
30 2 42
7 41 43
32 4 42
2
5 6
39 40
140
44
2 1 40
0
4 0 6
4 36 39
2 3 5
4 38 41
2 37 7
6 9 11
33 36 9
7 8 10
35 38 9
34 7 12
11 13 29
26 12 14
15 23 13
17 20 14
17 19 22
15 16 18
17 21 24
16 20 25
15 19 21
18 20 27
16 23 28
22 24 14
18 23 30
33 19 26
25 27 13
35 21 26
31 22 29
12 28 30
32 24 29
28
30
34 8 25
33 35 11
34 10 27
3 37 8
36 6 38
5 37 10
3 40 42
0 39 41
5 40 43
39
41
2
31 32
42 43
141
44
3 1 7
0
3 5 35
2 4 0
3 6 37
2
4
0 9 13
9 11 41
7 8 10
9 12 43
8
10
14 7 42
16 18 13
16 38 41
14 15 17
16 40 43
14 19 39
18 20 36
33 19 21
30 20 22
21 24 27
24 26 29
22 23 25
31 24 28
32 23 27
22 26 28
34 25 27
30 35 23
31 21 29
30 37 25
33 38 26
32 34 20
33 40 28
2 36 29
19 35 37
31 4 36
15 32 39
18 38 40
17 34 39
15 8 42
41 13 43
17 10 42
2
5 6
11 12
142
44
2 40 1
0
3 35 0
2 5 7
34 5 28
3 4 6
5 36 30
3 9 11
31 9 39
7 8 10
33 9 41
32 7 12
11 13 29
26 12 14
15 23 13
17 20 14
17 19 22
15 16 18
17 21 24
16 20 25
15 19 21
18 20 27
16 23 28
22 24 14
18 23 30
31 19 26
25 27 13
33 21 26
4 22 29
12 28 30
6 24 29
32 8 25
31 33 11
32 10 27
4 35 37
2 34 36
35 6 38
34
36
8 40 42
39 41 0
40 10 43
39
41
2
37 38
42 43
143
44
3 1 7
0
3 5 41
2 4 0
3 6 43
2
4
0 8 42
7 10 12
35 41 10
8 9 11
37 10 43
14 18 8
14 16 38
15 12 13
14 17 40
13
15
19 39 12
18 20 36
33 19 21
30 20 22
21 24 27
24 26 29
22 23 25
31 24 28
32 23 27
22 26 28
34 25 27
30 35 23
31 21 29
30 37 25
33 38 26
32 34 20
33 40 28
36 9 29
19 35 37
31 36 11
32 39 13
18 38 40
15 34 39
2 9 42
7 41 43
4 42 11
2
5 6
16 17
144
44
2 1 40
0
4 0 6
4 39 13
2 3 5
15 4 41
2 8 12
33 8 10
6 7 9
35 8 11
7
9
16 6 14
3 36 14
15 12 13
5 38 14
17 37 12
16 18 34
31 17 19
18 20 28
19 22 25
22 24 27
20 21 23
22 26 29
21 25 30
20 24 26
32 23 25
33 21 28
19 27 29
35 23 28
31 36 24
32 18 30
31 38 26
34 7 27
17 33 35
34 9 29
37 13 30
16 36 38
15 32 37
3 40 42
0 39 41
5 40 43
39
41
2
10 11
42 43
145
44
3 1 7
0
14 3 5
2 4 0
3 16 6
2
4
0 9 13
18 9 11
7 8 10
20 9 12
8
10
15 17 7
2 15 38
14 16 13
15 4 40
19 21 13
19 8 41
17 18 20
19 10 43
17 22 42
21 23 39
36 22 24
33 23 25
30 24 27
29 32 27
28 25 26
31 34 27
30 35 26
29 31 25
28 30 37
33 38 26
32 34 24
28 33 40
29 36 41
35 37 23
31 36 43
14 32 39
22 38 40
16 34 39
18 35 42
21 41 43
20 37 42
2
5 6
11 12
146
44
2 1 40
0
0 3 35
2 4 32
3 5 29
4 7 9
7 25 28
5 6 8
7 27 30
5 10 26
23 9 11
20 10 12
17 11 14
19 14 16
12 13 15
18 21 14
17 22 13
18 12 16
17 24 15
20 25 13
19 21 11
20 27 15
23 31 16
22 24 10
33 18 23
19 6 26
9 25 27
21 8 26
34 6 29
4 28 30
36 8 29
22 39 32
33 3 31
24 41 32
35 37 28
2 34 36
35 38 30
34
36
40 42 31
0 39 41
33 40 43
39
41
2
37 38
42 43
147
44
3 1 7
0
3 5 41
2 4 0
3 6 43
2
4
0 8 42
37 7 9
34 8 10
14 9 12
30 33 12
10 11 13
32 35 12
15 31 10
14 16 28
15 17 25
16 19 22
19 21 24
17 18 20
19 23 26
18 22 27
17 21 23
20 22 29
30 18 25
16 24 26
32 20 25
36 21 28
15 27 29
38 23 28
31 24 11
14 30 32
31 26 13
34 41 11
33 35 9
34 43 13
37 39 27
36 38 8
37 40 29
36
38
2 33 42
7 41 43
4 35 42
2
5 6
39 40
148
44
2 1 40
0
4 0 6
4 36 39
2 3 5
4 38 41
2 37 7
32 6 8
7 10 12
31 10 28
8 9 11
33 10 30
8 13 29
26 12 14
15 23 13
17 20 14
17 19 22
15 16 18
17 21 24
16 20 25
15 19 21
18 20 27
16 23 28
22 24 14
18 23 30
19 36 26
25 27 13
21 38 26
22 9 29
12 28 30
24 11 29
32 34 9
31 33 7
32 35 11
31
33
3 37 25
36 6 38
5 37 27
3 40 42
0 39 41
5 40 43
39
41
2
34 35
42 43
149
44
3 1 7
0
3 5 38
2 4 0
3 6 40
2
4
0 9 13
9 11 41
7 8 10
9 12 43
8
10
14 7 42
15 39 13
14 17 19
17 35 38
15 16 18
17 37 40
15 20 36
33 19 21
30 20 22
21 24 27
24 26 29
22 23 25
31 24 28
32 23 27
22 26 28
34 25 27
30 35 23
31 21 29
30 37 25
33 26 41
32 34 20
33 28 43
16 36 29
19 35 37
31 18 36
2 16 39
14 38 40
4 18 39
32 8 42
41 13 43
34 10 42
2
5 6
11 12
150
44
2 40 1
0
3 35 0
2 5 7
31 34 5
3 4 6
33 5 36
32 3 8
7 10 12
31 10 28
8 9 11
33 10 30
8 13 29
26 12 14
23 13 15
17 20 14
17 19 22
18 15 16
17 21 24
20 25 16
19 21 15
18 20 27
23 28 16
22 24 14
18 23 30
19 39 26
25 27 13
21 26 41
22 9 29
12 28 30
24 11 29
32 4 9
31 33 7
32 6 11
4 35 37
2 34 36
35 6 38
34
36
25 40 42
39 41 0
40 27 43
39
41
2
37 38
42 43
151
44
3 1 7
0
3 5 41
2 4 0
3 6 43
2
4
0 8 42
7 10 12
38 41 10
8 9 11
40 10 43
39 8 13
15 17 12
15 35 38
14 16 13
15 37 40
18 36 13
31 17 19
18 20 28
19 22 25
22 24 27
20 21 23
22 26 29
30 21 25
20 24 26
32 23 25
35 21 28
19 27 29
37 23 28
31 33 24
30 32 18
31 34 26
30
32
14 36 27
17 35 37
16 36 29
14 39 9
38 40 12
16 39 11
2 9 42
7 41 43
4 42 11
2
5 6
33 34
152
44
2 1 40
0
4 0 6
4 39 30
2 3 5
32 4 41
2 8 12
36 8 10
6 7 9
38 8 11
7
9
37 6 13
15 17 12
15 33 36
16 13 14
15 35 38
18 34 13
31 17 19
18 20 28
19 22 25
22 24 27
20 21 23
22 26 29
21 25 30
20 24 26
32 23 25
33 21 28
19 27 29
35 23 28
31 3 24
32 18 30
31 5 26
34 27 14
17 33 35
16 34 29
37 7 14
36 38 12
16 37 9
3 40 42
0 39 41
5 40 43
39
41
2
10 11
42 43
153
44
3 1 7
0
14 3 5
2 4 0
3 16 6
2
4
0 9 13
35 9 11
7 8 10
37 9 12
8
10
15 17 7
2 15 41
14 16 13
15 4 43
18 42 13
17 20 22
20 38 41
18 19 21
20 40 43
18 23 39
36 22 24
33 23 25
30 24 27
29 32 27
28 25 26
31 34 27
30 35 26
29 31 25
28 30 37
33 38 26
32 34 24
28 33 40
29 36 8
35 37 23
31 36 10
32 19 39
22 38 40
34 21 39
14 19 42
17 41 43
16 21 42
2
5 6
11 12
154
44
2 1 40
0
0 3 35
2 4 32
3 6 8
6 25 31
4 5 7
33 6 27
4 10 12
34 10 28
8 9 11
36 10 30
8 13 29
26 12 14
23 13 15
17 20 14
17 19 22
18 15 16
17 21 24
20 25 16
19 21 15
18 20 27
23 28 16
22 24 14
18 23 30
19 5 26
25 27 13
21 7 26
22 9 29
12 28 30
24 11 29
5 39 32
33 3 31
7 41 32
35 37 9
2 34 36
35 38 11
34
36
40 42 31
0 39 41
33 40 43
39
41
2
37 38
42 43
155
44
3 1 7
0
3 5 41
2 4 0
3 6 43
2
4
0 8 42
37 7 9
8 11 13
30 36 11
9 10 12
32 38 11
15 17 9
15 33 41
14 16 13
15 35 43
18 34 13
31 17 19
18 20 28
19 22 25
22 24 27
20 21 23
22 26 29
30 21 25
20 24 26
32 23 25
33 21 28
19 27 29
35 23 28
31 24 10
30 32 18
31 26 12
14 34 27
17 33 35
16 34 29
37 39 10
36 38 8
37 40 12
36
38
14 2 42
7 41 43
16 4 42
2
5 6
39 40
156
44
2 1 40
0
4 0 6
4 36 39
2 3 5
4 38 41
2 37 7
6 9 11
36 9 30
7 8 10
32 38 9
17 7 13
15 33 13
11 12 14
16 35 13
12
14
18 34 11
31 17 19
18 20 28
19 22 25
22 24 27
20 21 23
22 26 29
21 25 30
20 24 26
32 23 25
33 21 28
19 27 29
35 23 28
31 8 24
32 18 30
31 10 26
34 27 12
17 33 35
34 29 14
3 37 8
36 6 38
5 37 10
3 40 42
0 39 41
5 40 43
39
41
2
15 16
42 43
157
44
3 1 7
0
3 5 19
2 4 0
3 6 21
2
4
0 9 13
9 11 41
7 8 10
9 12 43
8
10
14 7 42
16 18 13
16 35 41
14 15 17
16 37 43
14 20 22
2 20 38
18 19 21
4 20 40
18 23 39
36 22 24
33 23 25
30 24 27
29 32 27
28 25 26
31 34 27
30 35 26
29 31 25
28 30 37
33 38 26
32 34 24
28 33 40
15 29 36
35 37 23
17 31 36
32 19 39
22 38 40
34 21 39
15 8 42
41 13 43
17 10 42
2
5 6
11 12
158
44
2 40 1
0
3 35 0
2 5 7
34 5 12
3 4 6
5 36 14
3 9 11
9 39 28
7 8 10
9 41 30
15 7 13
31 4 13
11 12 14
33 6 13
16 32 11
15 17 29
16 18 26
17 20 23
20 22 25
18 19 21
20 24 27
19 23 28
18 22 24
21 23 30
31 19 26
17 25 27
33 21 26
8 22 29
16 28 30
10 24 29
32 25 12
15 31 33
32 27 14
4 35 37
2 34 36
35 6 38
34
36
8 40 42
39 41 0
40 10 43
39
41
2
37 38
42 43
159
44
3 1 7
0
3 5 41
2 4 0
3 6 43
2
4
0 8 42
7 10 12
19 41 10
8 9 11
21 10 43
14 18 8
14 16 35
15 12 13
14 17 37
13
15
20 22 12
20 38 9
18 19 21
20 40 11
18 23 39
36 22 24
33 23 25
30 24 27
32 27 29
25 26 28
31 34 27
30 35 26
31 25 29
30 37 28
33 38 26
32 34 24
33 40 28
36 13 29
35 37 23
15 31 36
32 19 39
22 38 40
34 21 39
2 9 42
7 41 43
4 42 11
2
5 6
16 17
160
44
2 1 40
0
4 0 6
4 39 13
2 3 5
15 4 41
2 8 12
17 8 10
6 7 9
19 8 11
7
9
16 6 14
3 33 14
15 12 13
5 35 14
18 20 12
18 36 7
16 17 19
18 38 9
16 21 37
34 20 22
31 21 23
22 25 28
25 27 30
23 24 26
32 25 29
33 24 28
23 27 29
35 26 28
31 36 24
32 22 30
31 38 26
34 27 13
33 35 21
15 34 29
17 37 30
20 36 38
32 19 37
3 40 42
0 39 41
5 40 43
39
41
2
10 11
42 43
161
44
3 1 7
0
14 3 5
2 4 0
3 16 6
2
4
0 9 13
18 9 11
7 8 10
20 9 12
8
10
15 17 7
2 15 22
14 16 13
15 4 24
19 21 13
19 8 38
17 18 20
19 10 40
17 23 25
14 23 41
21 22 24
16 23 43
21 26 42
39 25 27
28 36 26
30 33 27
30 32 35
28 29 31
30 34 37
29 33 38
28 32 34
31 33 40
29 36 41
35 37 27
31 36 43
32 18 39
38 40 26
34 20 39
35 22 42
25 41 43
37 24 42
2
5 6
11 12
162
44
2 1 40
0
0 3 35
2 4 32
3 5 29
4 6 26
5 8 10
22 8 25
6 7 9
8 24 27
6 23 11
20 10 12
17 11 14
19 14 16
12 13 15
18 21 14
17 22 13
18 12 16
17 24 15
20 28 13
19 21 11
20 30 15
7 23 16
22 24 10
18 23 9
7 26 31
5 25 27
33 9 26
19 34 29
4 28 30
21 36 29
25 39 32
33 3 31
27 41 32
35 37 28
2 34 36
35 38 30
34
36
40 42 31
0 39 41
33 40 43
39
41
2
37 38
42 43
163
44
3 1 7
0
3 5 41
2 4 0
3 6 43
2
4
0 8 42
37 7 9
34 8 10
31 9 11
15 10 13
30 27 13
14 11 12
32 13 29
16 11 28
15 17 25
16 19 22
19 21 24
17 18 20
19 23 26
18 22 27
17 21 23
20 22 29
33 18 25
16 24 26
35 20 25
21 12 28
15 27 29
14 23 28
31 36 12
30 32 10
14 31 38
34 24 41
33 35 9
34 26 43
30 37 39
36 38 8
32 37 40
36
38
2 33 42
7 41 43
4 35 42
2
5 6
39 40
164
44
2 1 40
0
4 0 6
4 36 39
2 3 5
4 38 41
2 37 7
32 6 8
7 9 29
8 11 13
25 11 28
9 10 12
11 27 30
9 26 14
15 23 13
17 20 14
17 19 22
15 16 18
17 21 24
16 20 25
15 19 21
18 20 27
31 16 23
22 24 14
33 18 23
19 10 26
25 27 13
21 26 12
36 10 29
8 28 30
38 12 29
32 34 22
31 33 7
32 35 24
31
33
3 37 28
36 6 38
5 37 30
3 40 42
0 39 41
5 40 43
39
41
2
34 35
42 43
165
44
3 1 7
0
3 5 38
2 4 0
3 6 40
2
4
0 9 13
9 11 41
7 8 10
9 12 43
8
10
14 7 42
15 39 13
14 16 36
15 18 20
32 18 35
16 17 19
18 34 37
16 33 21
30 20 22
21 24 27
24 26 29
22 23 25
31 24 28
32 23 27
22 26 28
34 25 27
30 38 23
31 21 29
30 40 25
17 33 26
32 34 20
33 19 28
17 36 41
15 35 37
19 36 43
2 39 29
14 38 40
31 4 39
35 8 42
41 13 43
37 10 42
2
5 6
11 12
166
44
2 40 1
0
3 35 0
2 5 7
31 34 5
3 4 6
33 5 36
32 3 8
7 9 29
8 11 13
25 11 28
9 10 12
11 27 30
9 26 14
23 13 15
17 20 14
17 19 22
18 15 16
17 21 24
20 25 16
19 21 15
18 20 27
31 23 16
22 24 14
18 33 23
19 10 26
25 27 13
21 26 12
39 10 29
8 28 30
41 12 29
32 4 22
31 33 7
32 6 24
4 35 37
2 34 36
35 6 38
34
36
40 28 42
39 41 0
40 30 43
39
41
2
37 38
42 43
167
44
3 1 7
0
3 5 41
2 4 0
3 6 43
2
4
0 8 42
7 10 12
38 41 10
8 9 11
40 10 43
39 8 13
14 34 12
16 18 13
30 16 33
14 15 17
16 32 35
14 31 19
18 20 28
19 22 25
22 24 27
20 21 23
22 26 29
30 21 25
20 24 26
32 23 25
21 38 28
19 27 29
23 40 28
15 31 24
30 32 18
31 17 26
15 34 36
33 35 13
17 34 37
33
35
39 9 27
38 40 12
39 11 29
2 9 42
7 41 43
4 42 11
2
5 6
36 37
168
44
2 1 40
0
4 0 6
33 4 39
2 3 5
4 35 41
2 8 12
36 8 10
6 7 9
38 8 11
7
9
37 6 13
34 12 14
16 18 13
16 33 30
15 17 14
16 32 35
31 19 14
18 20 28
19 22 25
22 24 27
20 21 23
22 26 29
21 25 30
20 24 26
32 23 25
36 21 28
19 27 29
38 23 28
15 31 24
32 18 30
31 17 26
15 3 34
33 35 13
17 34 5
37 7 27
36 38 12
37 9 29
3 40 42
0 39 41
5 40 43
39
41
2
10 11
42 43
169
44
3 1 7
0
14 3 5
2 4 0
3 16 6
2
4
0 9 13
38 9 11
7 8 10
9 40 12
8
10
15 17 7
2 15 41
14 16 13
15 4 43
18 42 13
17 19 39
18 21 23
35 21 38
19 20 22
21 37 40
19 36 24
33 23 25
30 24 27
29 32 27
28 25 26
31 34 27
30 35 26
29 31 25
28 30 37
33 41 26
32 34 24
28 33 43
29 20 36
35 37 23
31 36 22
20 8 39
18 38 40
22 39 10
14 32 42
17 41 43
16 34 42
2
5 6
11 12
170
44
2 1 40
0
0 3 35
2 4 32
3 6 8
6 28 31
4 5 7
33 6 30
4 9 29
8 11 13
25 11 28
9 10 12
11 27 30
9 26 14
23 13 15
17 20 14
17 19 22
18 15 16
17 21 24
20 25 16
19 21 15
18 20 27
34 23 16
22 24 14
18 36 23
19 10 26
25 27 13
21 26 12
5 10 29
8 28 30
7 12 29
5 39 32
33 3 31
7 41 32
35 22 37
2 34 36
35 24 38
34
36
40 42 31
0 39 41
33 40 43
39
41
2
37 38
42 43
171
44
3 1 7
0
3 5 41
2 4 0
3 6 43
2
4
0 8 42
37 7 9
8 11 13
33 36 11
9 10 12
35 38 11
14 34 9
16 18 13
30 16 33
14 15 17
16 32 35
14 31 19
18 20 28
19 22 25
22 24 27
20 21 23
22 26 29
30 21 25
20 24 26
32 23 25
21 41 28
19 27 29
23 43 28
15 31 24
30 32 18
31 17 26
15 34 10
33 35 13
17 34 12
37 39 10
36 38 8
37 40 12
36
38
2 42 27
7 41 43
4 42 29
2
5 6
39 40
172
44
2 1 40
0
4 0 6
4 36 39
2 3 5
4 38 41
2 37 7
6 9 11
33 36 9
7 8 10
35 38 9
34 7 12
16 11 14
33 14 30
15 12 13
32 35 14
31 17 12
16 18 26
17 20 23
20 22 25
18 19 21
20 24 27
19 23 30
18 22 24
32 21 23
19 26 28
17 25 27
21 26 29
25
27
31 22 13
16 32 30
15 31 24
34 8 13
33 35 11
15 34 10
3 37 8
36 6 38
5 37 10
3 40 42
0 39 41
5 40 43
39
41
2
28 29
42 43
173
44
3 1 7
0
3 32 5
2 4 0
3 34 6
2
4
0 9 13
9 11 41
7 8 10
9 12 43
8
10
14 7 42
16 18 13
16 38 41
14 15 17
16 40 43
14 19 39
18 21 23
21 35 38
19 20 22
21 37 40
19 36 24
33 23 25
30 24 27
32 27 29
25 26 28
31 34 27
30 35 26
31 25 29
30 37 28
2 33 26
32 34 24
4 33 28
20 36 29
35 23 37
31 22 36
15 20 39
18 38 40
17 22 39
15 8 42
41 13 43
17 10 42
2
5 6
11 12
174
44
2 40 1
0
3 35 0
2 5 7
34 5 25
3 4 6
5 36 27
3 9 11
31 9 39
7 8 10
33 9 41
32 7 12
16 11 14
31 28 14
15 12 13
33 14 30
17 12 29
16 18 26
17 20 23
20 22 25
18 19 21
20 24 27
19 23 28
18 22 24
21 23 30
4 19 26
17 25 27
6 21 26
22 13 29
16 28 30
15 24 29
32 8 13
31 33 11
15 32 10
4 35 37
2 34 36
35 6 38
34
36
8 40 42
39 41 0
40 10 43
39
41
2
37 38
42 43
175
44
3 1 7
0
3 5 41
2 4 0
3 6 43
2
4
0 8 42
7 10 12
32 41 10
8 9 11
34 10 43
14 18 8
14 16 38
15 12 13
14 17 40
13
15
19 39 12
18 21 23
35 21 38
19 20 22
21 37 40
19 36 24
33 23 25
30 24 27
32 27 29
25 26 28
31 34 27
30 35 26
31 25 29
30 37 28
33 9 26
32 34 24
33 11 28
20 36 29
35 37 23
31 36 22
20 39 13
18 38 40
15 22 39
2 9 42
7 41 43
4 42 11
2
5 6
16 17
176
44
2 1 40
0
4 0 6
4 39 13
2 3 5
15 4 41
2 8 12
8 10 30
6 7 9
32 8 11
7
9
16 6 14
3 36 14
15 12 13
5 38 14
17 37 12
16 19 21
33 19 36
17 18 20
19 35 38
17 34 22
31 21 23
22 25 28
25 27 30
23 24 26
32 25 29
33 24 28
23 27 29
35 26 28
31 7 24
32 22 30
31 9 26
18 34 27
33 35 21
34 20 29
18 37 13
16 36 38
15 20 37
3 40 42
0 39 41
5 40 43
39
41
2
10 11
42 43
177
44
3 1 7
0
14 3 5
2 4 0
3 16 6
2
4
0 9 13
18 9 11
7 8 10
20 9 12
8
10
15 17 7
2 15 35
14 16 13
15 4 37
19 21 13
19 8 41
17 18 20
19 10 43
17 22 42
21 24 26
38 24 41
22 23 25
24 40 43
22 39 27
28 36 26
30 33 27
30 32 35
28 29 31
30 34 37
29 33 38
28 32 34
31 33 40
14 29 36
35 37 27
16 31 36
32 23 39
38 40 26
34 39 25
18 23 42
21 41 43
20 25 42
2
5 6
11 12
178
44
2 1 40
0
0 3 35
2 4 32
3 5 29
4 7 9
22 7 28
5 6 8
7 24 30
5 11 13
25 11 31
9 10 12
33 11 27
9 26 14
23 13 15
17 20 14
17 19 22
18 15 16
17 21 24
20 25 16
19 21 15
18 20 27
6 23 16
22 24 14
18 23 8
19 10 26
25 27 13
21 26 12
34 6 29
4 28 30
36 8 29
39 10 32
33 3 31
41 12 32
35 37 28
2 34 36
35 38 30
34
36
40 42 31
0 39 41
33 40 43
39
41
2
37 38
42 43
179
44
3 1 7
0
3 5 41
2 4 0
3 6 43
2
4
0 8 42
37 7 9
34 8 10
14 9 12
33 27 12
10 11 13
35 12 29
16 18 10
30 16 36
14 15 17
16 32 38
14 31 19
18 20 28
19 22 25
22 24 27
20 21 23
22 26 29
30 21 25
20 24 26
32 23 25
21 11 28
19 27 29
23 28 13
15 31 24
30 32 18
31 17 26
34 41 11
33 35 9
34 43 13
15 37 39
36 38 8
17 37 40
36
38
2 33 42
7 41 43
4 35 42
2
5 6
39 40
180
44
2 1 40
0
4 0 6
4 36 39
2 3 5
4 38 41
2 37 7
32 6 8
7 10 12
31 25 10
8 9 11
33 10 27
16 8 14
36 28 14
15 12 13
38 14 30
17 12 29
16 18 26
17 20 23
20 22 25
18 19 21
20 24 27
19 23 28
18 22 24
21 23 30
19 9 26
17 25 27
21 26 11
22 13 29
16 28 30
15 24 29
32 34 9
31 33 7
32 35 11
31
33
3 37 13
36 6 38
15 5 37
3 40 42
0 39 41
5 40 43
39
41
2
34 35
42 43
181
44
3 1 7
0
3 5 38
2 4 0
3 6 40
2
4
0 9 13
9 11 41
7 8 10
9 12 43
8
10
14 7 42
15 39 13
14 17 19
32 17 38
15 16 18
17 34 40
15 21 23
35 21 41
19 20 22
21 37 43
19 36 24
33 23 25
30 24 27
32 27 29
25 26 28
31 34 27
30 35 26
31 25 29
30 37 28
16 33 26
32 34 24
33 18 28
20 36 29
35 37 23
31 36 22
2 16 39
14 38 40
4 18 39
20 8 42
41 13 43
22 10 42
2
5 6
11 12
182
44
2 1 40
0
3 35 0
2 5 7
31 34 5
3 4 6
33 5 36
32 3 8
7 10 12
31 10 25
8 9 11
33 10 27
16 8 14
39 14 28
12 13 15
41 14 30
17 12 29
16 18 26
17 20 23
20 22 25
18 19 21
20 24 27
19 23 28
18 22 24
21 23 30
19 9 26
17 25 27
21 11 26
22 13 29
16 28 30
24 15 29
32 4 9
31 33 7
32 6 11
4 35 37
2 34 36
35 6 38
34
36
40 13 42
39 41 0
40 43 15
39
41
2
37 38
42 43
183
44
3 1 7
0
3 5 41
2 4 0
3 6 43
2
4
0 8 42
7 10 12
38 41 10
8 9 11
40 10 43
39 8 13
15 17 12
15 32 38
14 16 13
15 34 40
19 23 13
19 35 21
17 18 20
19 37 22
18
20
17 36 24
33 23 25
30 24 27
32 27 29
25 26 28
31 34 27
30 35 26
31 25 29
30 37 28
14 33 26
32 34 24
16 33 28
18 36 29
35 37 23
31 20 36
14 39 9
38 40 12
16 39 11
2 9 42
7 41 43
4 42 11
2
5 6
21 22
184
44
2 1 40
0
4 0 6
4 18 39
2 3 5
4 20 41
2 8 12
36 8 10
6 7 9
38 8 11
7
9
37 6 13
15 17 12
15 36 30
16 13 14
15 32 38
19 21 13
3 33 19
17 18 20
5 19 35
17 34 22
31 21 23
22 25 28
25 27 30
23 24 26
32 25 29
33 24 28
23 27 29
35 26 28
31 24 14
32 22 30
31 16 26
18 34 27
33 35 21
34 20 29
37 7 14
36 38 12
16 37 9
3 40 42
0 39 41
5 40 43
39
41
2
10 11
42 43
185
44
3 1 7
0
14 3 5
2 4 0
3 16 6
2
4
0 9 13
9 23 11
7 8 10
9 25 12
8
10
15 17 7
2 15 41
14 16 13
15 4 43
18 42 13
17 20 22
35 20 41
18 19 21
20 37 43
18 24 26
8 38 24
22 23 25
10 24 40
22 39 27
28 36 26
30 33 27
30 32 35
28 29 31
30 34 37
29 33 38
28 32 34
31 33 40
29 19 36
35 37 27
31 36 21
32 23 39
38 40 26
34 39 25
14 19 42
17 41 43
16 21 42
2
5 6
11 12
186
44
2 1 40
0
0 3 35
2 4 32
3 6 8
6 13 31
4 5 7
33 6 15
4 10 12
34 25 10
8 9 11
36 10 27
8 14 16
5 28 14
12 13 15
7 14 30
17 12 29
18 26 16
17 20 23
20 22 25
18 19 21
20 24 27
19 23 28
18 22 24
21 23 30
19 9 26
17 25 27
21 26 11
22 13 29
28 30 16
24 29 15
5 39 32
33 3 31
7 41 32
35 37 9
2 34 36
35 38 11
34
36
40 42 31
0 39 41
33 40 43
39
41
2
37 38
42 43
187
44
3 1 7
0
3 5 41
2 4 0
3 6 43
2
4
0 8 42
37 7 9
8 11 13
18 36 11
9 10 12
20 38 11
15 17 9
30 15 41
14 16 13
15 32 43
19 21 13
33 19 10
17 18 20
19 35 12
17 34 22
31 21 23
22 25 28
30 25 27
23 24 26
32 25 29
33 24 28
23 27 29
35 26 28
14 31 24
30 32 22
31 16 26
18 34 27
33 35 21
34 20 29
37 39 10
36 38 8
37 40 12
36
38
14 2 42
7 41 43
16 4 42
2
5 6
39 40
188
44
2 1 40
0
4 0 6
4 36 39
2 3 5
4 38 41
2 37 7
6 9 11
18 36 9
7 8 10
20 38 9
17 7 13
15 13 30
11 12 14
16 32 13
12
14
19 21 11
33 19 8
17 18 20
19 35 10
17 34 22
31 21 23
22 25 28
25 27 30
23 24 26
32 25 29
33 24 28
23 27 29
35 26 28
31 24 12
32 22 30
31 26 14
18 34 27
33 35 21
34 20 29
3 37 8
36 6 38
5 37 10
3 40 42
0 39 41
5 40 43
39
41
2
15 16
42 43
189
44
3 1 7
0
3 5 19
2 4 0
3 6 21
2
4
0 9 13
9 11 41
7 8 10
9 12 43
8
10
14 7 42
16 18 13
16 23 41
14 15 17
16 25 43
14 20 22
2 20 35
18 19 21
4 20 37
18 24 26
15 38 24
22 23 25
17 24 40
22 39 27
28 36 26
30 33 27
30 32 35
28 29 31
30 34 37
29 33 38
28 32 34
31 33 40
29 19 36
35 37 27
31 21 36
32 23 39
38 40 26
34 39 25
15 8 42
41 13 43
17 10 42
2
5 6
11 12
190
44
2 40 1
0
3 35 0
2 5 7
34 5 12
3 4 6
5 36 14
3 9 11
16 9 39
7 8 10
18 9 41
15 7 13
4 28 13
11 12 14
6 13 30
17 19 11
31 17 8
15 16 18
17 33 10
15 32 20
19 21 29
20 23 26
23 25 28
21 22 24
23 27 30
31 22 26
21 25 27
33 24 26
22 12 29
20 28 30
24 29 14
16 32 25
31 33 19
32 18 27
4 35 37
2 34 36
35 6 38
34
36
8 40 42
39 41 0
40 10 43
39
41
2
37 38
42 43
191
44
3 1 7
0
3 5 41
2 4 0
3 6 43
2
4
0 8 42
7 10 12
19 41 10
8 9 11
21 10 43
14 18 8
14 16 23
15 12 13
14 17 25
13
15
20 22 12
35 20 9
18 19 21
20 37 11
18 24 26
38 24 13
22 23 25
15 24 40
22 39 27
36 26 28
30 33 27
30 32 35
31 28 29
30 34 37
33 38 29
32 34 28
31 33 40
19 36 29
35 37 27
31 36 21
32 23 39
38 40 26
34 39 25
2 9 42
7 41 43
4 42 11
2
5 6
16 17
192
44
2 1 40
0
4 0 6
4 39 13
2 3 5
15 4 41
2 8 12
17 8 10
6 7 9
19 8 11
7
9
16 6 14
3 21 14
15 12 13
5 23 14
18 20 12
33 18 7
16 17 19
18 35 9
16 22 24
36 22 13
20 21 23
15 22 38
20 37 25
34 24 26
31 25 28
33 28 30
26 27 29
32 35 28
31 36 27
32 26 30
31 38 29
17 34 27
33 35 25
34 19 29
21 37 30
36 38 24
32 37 23
3 40 42
0 39 41
5 40 43
39
41
2
10 11
42 43
193
44
3 1 7
0
14 3 5
2 4 0
3 16 6
2
4
0 9 13
18 9 11
7 8 10
20 9 12
8
10
15 17 7
2 15 22
14 16 13
15 4 24
19 21 13
19 8 26
17 18 20
28 19 10
17 23 25
14 38 23
21 22 24
16 23 40
29 21 27
18 41 27
28 25 26
20 27 43
30 25 42
29 31 39
30 33 36
33 35 38
31 32 34
33 37 40
32 36 41
31 35 37
34 36 43
32 22 39
30 38 40
34 39 24
35 26 42
29 41 43
28 37 42
2
5 6
11 12
194
44
2 1 40
0
0 3 35
2 4 32
3 5 29
4 6 26
5 7 23
6 9 11
19 22 9
7 8 10
21 24 9
20 7 12
17 11 14
19 14 16
12 13 15
18 21 14
17 25 13
18 12 16
17 27 15
20 8 13
19 21 11
20 10 15
23 8 28
6 22 24
23 10 30
26 31 16
5 25 27
33 18 26
34 22 29
4 28 30
36 24 29
25 39 32
33 3 31
27 41 32
35 37 28
2 34 36
35 38 30
34
36
40 42 31
0 39 41
33 40 43
39
41
2
37 38
42 43
195
44
3 1 7
0
3 5 41
2 4 0
3 6 43
2
4
0 8 42
37 7 9
34 8 10
31 9 11
10 12 28
14 16 11
14 24 27
15 12 13
14 26 29
17 25 12
16 19 22
19 21 24
17 18 20
19 23 26
30 18 22
17 21 23
32 20 22
18 25 13
16 24 26
15 20 25
33 28 13
11 27 29
15 35 28
31 36 21
30 32 10
31 38 23
34 41 27
33 35 9
34 43 29
30 37 39
36 38 8
32 37 40
36
38
2 33 42
7 41 43
4 35 42
2
5 6
39 40
196
44
2 1 40
0
4 0 6
4 36 39
2 3 5
4 38 41
2 37 7
32 6 8
7 9 29
8 10 26
9 12 14
22 25 12
10 11 13
24 27 12
15 23 10
17 20 14
17 19 22
15 16 18
17 21 24
16 20 28
15 19 21
18 20 30
16 23 11
22 24 14
18 23 13
31 26 11
9 25 27
33 26 13
19 36 29
8 28 30
21 38 29
32 34 25
31 33 7
32 35 27
31
33
3 37 28
36 6 38
5 37 30
3 40 42
0 39 41
5 40 43
39
41
2
34 35
42 43
197
44
3 1 7
0
3 5 38
2 4 0
3 6 40
2
4
0 9 13
9 11 41
7 8 10
9 12 43
8
10
14 7 42
15 39 13
14 16 36
15 17 33
16 19 21
32 19 29
17 18 20
31 34 19
30 17 22
21 24 27
24 26 29
22 23 25
31 24 28
35 23 27
22 26 28
37 25 27
30 18 23
31 21 29
30 20 25
33 18 38
16 32 34
33 20 40
36 26 41
15 35 37
36 28 43
2 32 39
14 38 40
4 34 39
35 8 42
41 13 43
37 10 42
2
5 6
11 12
198
44
2 40 1
0
3 35 0
2 5 7
31 34 5
3 4 6
33 5 36
32 3 8
7 9 29
8 10 26
9 12 14
22 25 12
10 11 13
24 27 12
23 10 15
17 20 14
17 19 22
18 15 16
17 21 24
20 28 16
19 21 15
18 20 30
23 11 16
22 24 14
18 23 13
31 26 11
9 25 27
33 26 13
19 39 29
8 28 30
21 41 29
32 4 25
31 33 7
32 6 27
4 35 37
2 34 36
35 6 38
34
36
40 28 42
39 41 0
40 30 43
39
41
2
37 38
42 43
199
44
3 1 7
0
3 5 41
2 4 0
3 6 43
2
4
0 8 42
7 10 12
38 41 10
8 9 11
40 10 43
39 8 13
14 34 12
15 31 13
14 17 19
30 17 27
15 16 18
32 17 29
15 20 28
19 22 25
22 24 27
20 21 23
22 26 29
33 21 25
20 24 26
35 23 25
16 21 28
19 27 29
18 23 28
31 16 38
14 30 32
31 18 40
34 36 24
33 35 13
34 37 26
33
35
30 39 9
38 40 12
32 39 11
2 9 42
7 41 43
4 42 11
2
5 6
36 37
200
44
2 1 40
0
4 0 6
33 4 39
2 3 5
4 35 41
2 8 12
36 8 10
6 7 9
38 8 11
7
9
37 6 13
34 12 14
15 31 13
17 19 14
17 27 30
15 16 18
32 17 29
15 20 28
19 22 25
22 24 27
20 21 23
22 26 29
33 21 25
20 24 26
35 23 25
16 21 28
19 27 29
18 23 28
31 16 36
32 14 30
31 18 38
3 34 24
33 35 13
34 5 26
37 7 30
36 38 12
32 37 9
3 40 42
0 39 41
5 40 43
39
41
2
10 11
42 43
201
44
3 1 7
0
14 3 5
2 4 0
3 16 6
2
4
0 9 13
38 9 11
7 8 10
9 40 12
8
10
15 17 7
2 15 41
14 16 13
15 4 43
18 42 13
17 19 39
18 20 36
19 22 24
32 35 22
20 21 23
34 37 22
33 20 25
30 24 27
29 32 27
28 25 26
31 34 27
30 38 26
29 31 25
28 30 40
33 21 26
32 34 24
28 33 23
36 21 41
19 35 37
36 23 43
29 8 39
18 38 40
31 39 10
14 35 42
17 41 43
16 37 42
2
5 6
11 12
202
44
2 1 40
0
0 3 35
2 4 32
3 6 8
6 28 31
4 5 7
33 6 30
4 9 29
8 10 26
9 12 14
22 25 12
10 11 13
24 27 12
23 10 15
17 20 14
17 19 22
18 15 16
17 21 24
20 28 16
19 21 15
18 20 30
23 11 16
22 24 14
18 23 13
34 26 11
9 25 27
36 26 13
19 5 29
8 28 30
21 7 29
5 39 32
33 3 31
7 41 32
35 37 25
2 34 36
35 38 27
34
36
40 42 31
0 39 41
33 40 43
39
41
2
37 38
42 43
203
44
3 1 7
0
3 5 41
2 4 0
3 6 43
2
4
0 8 42
37 7 9
8 11 13
33 36 11
9 10 12
35 38 11
14 34 9
15 31 13
14 17 19
30 17 27
15 16 18
32 17 29
15 20 28
19 22 25
22 24 27
20 21 23
22 26 29
33 21 25
20 24 26
35 23 25
16 21 28
19 27 29
18 23 28
31 16 41
14 30 32
31 18 43
34 24 10
33 35 13
34 26 12
37 39 10
36 38 8
37 40 12
36
38
30 2 42
7 41 43
32 4 42
2
5 6
39 40
204
44
2 1 40
0
4 0 6
4 36 39
2 3 5
4 38 41
2 37 7
6 9 11
33 36 9
7 8 10
35 38 9
34 7 12
11 13 29
15 17 12
15 25 28
16 13 14
15 27 30
18 26 13
17 20 23
20 22 25
18 19 21
20 24 27
33 19 23
18 22 24
35 21 23
19 26 14
17 25 27
16 21 26
31 29 14
12 28 30
16 32 29
28
30
34 22 8
33 35 11
34 24 10
3 37 8
36 6 38
5 37 10
3 40 42
0 39 41
5 40 43
39
41
2
31 32
42 43
205
44
3 1 7
0
3 5 35
2 4 0
3 6 37
2
4
0 9 13
9 11 41
7 8 10
9 12 43
8
10
14 7 42
16 18 13
16 38 41
14 15 17
16 40 43
14 19 39
18 20 36
19 22 24
32 35 22
20 21 23
34 37 22
33 20 25
30 24 27
32 27 29
25 26 28
31 34 27
30 38 26
31 25 29
30 40 28
33 21 26
32 34 24
33 23 28
2 36 21
19 35 37
4 36 23
15 39 29
18 38 40
31 17 39
15 8 42
41 13 43
17 10 42
2
5 6
11 12
206
44
2 40 1
0
3 35 0
2 5 7
34 5 28
3 4 6
5 36 30
3 9 11
31 9 39
7 8 10
33 9 41
32 7 12
11 13 29
15 17 12
15 25 28
16 13 14
15 27 30
18 26 13
17 20 23
20 22 25
18 19 21
20 24 27
31 19 23
18 22 24
33 21 23
19 26 14
17 25 27
16 21 26
4 29 14
12 28 30
16 6 29
32 8 22
31 33 11
32 10 24
4 35 37
2 34 36
35 6 38
34
36
8 40 42
39 41 0
40 10 43
39
41
2
37 38
42 43
207
44
3 1 7
0
3 5 41
2 4 0
3 6 43
2
4
0 8 42
7 10 12
35 41 10
8 9 11
37 10 43
14 18 8
14 16 38
15 12 13
14 17 40
13
15
19 39 12
18 20 36
19 22 24
32 35 22
20 21 23
34 37 22
33 20 25
30 24 27
32 27 29
25 26 28
31 34 27
30 38 26
31 25 29
30 40 28
33 21 26
32 34 24
33 23 28
36 21 9
19 35 37
36 23 11
39 13 29
18 38 40
15 31 39
2 9 42
7 41 43
4 42 11
2
5 6
16 17
208
44
2 1 40
0
4 0 6
4 39 13
2 3 5
15 4 41
2 8 12
33 8 10
6 7 9
35 8 11
7
9
16 6 14
3 36 14
15 12 13
5 38 14
17 37 12
16 18 34
17 20 22
33 20 30
18 19 21
32 35 20
31 18 23
22 25 28
25 27 30
23 24 26
32 25 29
36 24 28
23 27 29
38 26 28
31 19 24
32 22 30
31 21 26
34 19 7
17 33 35
34 21 9
37 27 13
16 36 38
15 37 29
3 40 42
0 39 41
5 40 43
39
41
2
10 11
42 43
209
44
3 1 7
0
14 3 5
2 4 0
3 16 6
2
4
0 9 13
18 9 11
7 8 10
20 9 12
8
10
15 17 7
2 15 38
14 16 13
15 4 40
19 21 13
19 8 41
17 18 20
19 10 43
17 22 42
21 23 39
22 25 27
35 38 25
23 24 26
37 40 25
28 36 23
30 33 27
30 32 35
28 29 31
30 34 37
29 33 41
28 32 34
31 33 43
29 36 24
35 37 27
31 36 26
14 39 24
22 38 40
16 39 26
32 18 42
21 41 43
34 20 42
2
5 6
11 12
210
44
2 1 40
0
0 3 35
2 4 32
3 5 29
4 7 9
7 25 28
5 6 8
7 27 30
5 10 26
9 12 14
22 25 12
10 11 13
24 27 12
23 10 15
17 20 14
17 19 22
18 15 16
17 21 24
20 31 16
19 21 15
33 18 20
23 11 16
22 24 14
18 23 13
6 26 11
9 25 27
8 26 13
34 6 29
4 28 30
36 8 29
19 39 32
33 3 31
21 41 32
35 37 28
2 34 36
35 38 30
34
36
40 42 31
0 39 41
33 40 43
39
41
2
37 38
42 43
211
44
3 1 7
0
3 5 41
2 4 0
3 6 43
2
4
0 8 42
37 7 9
34 8 10
14 9 12
30 33 12
10 11 13
32 35 12
15 31 10
14 17 19
30 17 27
15 16 18
32 17 29
15 20 28
19 22 25
22 24 27
20 21 23
22 26 29
36 21 25
20 24 26
38 23 25
16 21 28
19 27 29
18 23 28
31 16 11
14 30 32
31 18 13
34 41 11
33 35 9
34 43 13
37 39 24
36 38 8
37 40 26
36
38
2 33 42
7 41 43
4 35 42
2
5 6
39 40
212
44
2 1 40
0
4 0 6
4 36 39
2 3 5
4 38 41
2 37 7
32 6 8
7 10 12
31 10 28
8 9 11
33 10 30
8 13 29
15 17 12
15 25 28
16 13 14
15 27 30
18 26 13
17 20 23
20 22 25
18 19 21
20 24 27
19 36 23
18 22 24
21 38 23
19 26 14
17 25 27
16 21 26
9 29 14
12 28 30
16 11 29
32 34 9
31 33 7
32 35 11
31
33
3 37 22
36 6 38
5 37 24
3 40 42
0 39 41
5 40 43
39
41
2
34 35
42 43
213
44
3 1 7
0
3 5 38
2 4 0
3 6 40
2
4
0 9 13
9 11 41
7 8 10
9 12 43
8
10
14 7 42
15 39 13
14 17 19
17 35 38
15 16 18
17 37 40
15 20 36
19 22 24
32 35 22
20 21 23
34 37 22
33 20 25
30 24 27
32 27 29
25 26 28
31 34 27
30 26 41
31 25 29
30 28 43
33 21 26
32 34 24
33 23 28
16 36 21
19 35 37
18 36 23
2 16 39
14 38 40
4 18 39
8 42 29
41 13 43
31 10 42
2
5 6
11 12
214
44
2 40 1
0
3 35 0
2 5 7
31 34 5
3 4 6
33 5 36
32 3 8
7 10 12
31 10 28
8 9 11
33 10 30
8 13 29
17 12 15
25 28 15
13 14 16
27 15 30
18 26 13
17 20 23
20 22 25
18 19 21
20 24 27
19 23 39
18 22 24
21 23 41
19 26 14
17 25 27
21 26 16
9 14 29
12 28 30
11 29 16
32 4 9
31 33 7
32 6 11
4 35 37
2 34 36
35 6 38
34
36
22 40 42
39 0 41
24 40 43
39
41
2
37 38
42 43
215
44
3 1 7
0
3 5 41
2 4 0
3 6 43
2
4
0 8 42
7 10 12
38 41 10
8 9 11
40 10 43
39 8 13
15 17 12
15 35 38
14 16 13
15 37 40
18 36 13
17 20 22
32 35 20
18 19 21
34 20 37
33 18 23
22 25 28
32 25 27
23 24 26
34 25 29
30 24 28
23 27 29
31 26 28
27
29
33 19 24
32 34 22
33 21 26
14 19 36
17 35 37
16 36 21
14 39 9
38 40 12
16 39 11
2 9 42
7 41 43
4 42 11
2
5 6
30 31
216
44
2 1 40
0
4 0 6
4 39 27
2 3 5
4 41 29
2 8 12
36 8 10
6 7 9
38 8 11
7
9
37 6 13
15 17 12
15 33 36
16 13 14
15 35 38
18 34 13
17 20 22
33 20 30
18 19 21
32 35 20
31 18 23
22 25 28
25 27 30
23 24 26
32 25 29
3 24 28
23 27 29
5 26 28
31 19 24
32 22 30
31 21 26
34 19 14
17 33 35
16 34 21
37 7 14
36 38 12
16 37 9
3 40 42
0 39 41
5 40 43
39
41
2
10 11
42 43
217
44
3 1 7
0
14 3 5
2 4 0
3 16 6
2
4
0 9 13
32 9 11
7 8 10
34 9 12
8
10
15 17 7
2 15 41
14 16 13
15 4 43
18 42 13
17 20 22
20 38 41
18 19 21
20 40 43
18 23 39
22 25 27
35 38 25
23 24 26
37 40 25
28 36 23
30 33 27
30 32 35
28 29 31
30 34 37
29 33 8
28 32 34
31 33 10
29 36 24
35 37 27
31 36 26
19 39 24
22 38 40
21 39 26
14 19 42
17 41 43
16 21 42
2
5 6
11 12
218
44
2 1 40
0
0 3 35
2 4 32
3 6 8
6 22 31
4 5 7
33 6 24
4 10 12
34 10 28
8 9 11
36 10 30
8 13 29
17 12 15
25 28 15
13 14 16
27 30 15
18 26 13
17 20 23
20 22 25
18 19 21
20 24 27
19 5 23
18 22 24
21 7 23
19 26 14
17 25 27
21 26 16
9 29 14
12 28 30
11 29 16
5 39 32
33 3 31
7 41 32
35 37 9
2 34 36
35 38 11
34
36
40 42 31
0 39 41
33 40 43
39
41
2
37 38
42 43
219
44
3 1 7
0
3 5 41
2 4 0
3 6 43
2
4
0 8 42
37 7 9
8 11 13
36 11 27
9 10 12
38 11 29
15 17 9
15 33 41
14 16 13
15 35 43
18 34 13
17 20 22
30 33 20
18 19 21
32 35 20
31 18 23
22 25 28
30 25 27
23 24 26
32 25 29
24 10 28
23 27 29
26 12 28
31 19 24
30 32 22
31 21 26
14 34 19
17 33 35
16 34 21
37 39 10
36 38 8
37 40 12
36
38
14 2 42
7 41 43
16 4 42
2
5 6
39 40
220
44
2 1 40
0
4 0 6
4 36 39
2 3 5
4 38 41
2 37 7
6 9 11
36 9 27
7 8 10
38 9 29
17 7 13
15 33 13
11 12 14
16 35 13
12
14
18 34 11
17 20 22
33 20 30
18 19 21
32 35 20
31 18 23
22 25 28
25 27 30
23 24 26
32 25 29
8 24 28
23 27 29
10 26 28
31 19 24
32 22 30
31 21 26
34 19 12
17 33 35
34 21 14
3 37 8
36 6 38
5 37 10
3 40 42
0 39 41
5 40 43
39
41
2
15 16
42 43
221
44
3 1 7
0
3 5 19
2 4 0
3 6 21
2
4
0 9 13
9 11 41
7 8 10
9 12 43
8
10
14 7 42
16 18 13
16 32 41
14 15 17
16 34 43
14 20 22
2 20 38
18 19 21
4 20 40
18 23 39
22 25 27
35 38 25
23 24 26
37 40 25
28 36 23
30 33 27
30 32 35
28 29 31
30 34 37
15 29 33
28 32 34
17 31 33
29 36 24
35 37 27
31 36 26
19 39 24
22 38 40
21 39 26
15 8 42
41 13 43
17 10 42
2
5 6
11 12
222
44
2 40 1
0
3 35 0
2 5 7
34 5 12
3 4 6
5 36 14
3 9 11
9 39 25
7 8 10
9 41 27
15 7 13
31 4 13
11 12 14
33 6 13
16 32 11
15 18 20
31 18 28
16 17 19
33 18 30
16 21 29
20 23 26
23 25 28
21 22 24
23 27 30
8 22 26
21 25 27
10 24 26
17 22 29
20 28 30
19 24 29
32 17 12
15 31 33
32 19 14
4 35 37
2 34 36
35 6 38
34
36
8 40 42
39 41 0
40 10 43
39
41
2
37 38
42 43
223
44
3 1 7
0
3 5 41
2 4 0
3 6 43
2
4
0 8 42
7 10 12
19 41 10
8 9 11
21 10 43
14 18 8
14 16 32
15 12 13
14 17 34
13
15
20 22 12
20 38 9
18 19 21
20 40 11
18 23 39
22 25 27
35 38 25
23 24 26
37 40 25
36 23 28
30 33 27
30 32 35
31 28 29
30 34 37
33 13 29
32 34 28
15 31 33
36 24 29
35 37 27
31 36 26
19 39 24
22 38 40
21 39 26
2 9 42
7 41 43
4 42 11
2
5 6
16 17
224
44
2 1 40
0
4 0 6
4 39 13
2 3 5
15 4 41
2 8 12
17 8 10
6 7 9
19 8 11
7
9
16 6 14
3 14 30
15 12 13
32 5 14
18 20 12
18 36 7
16 17 19
18 38 9
16 21 37
20 23 25
33 36 23
21 22 24
35 38 23
34 21 26
31 25 28
33 28 30
26 27 29
32 35 28
31 27 13
32 26 30
15 31 29
34 22 27
33 35 25
34 24 29
17 37 22
20 36 38
19 37 24
3 40 42
0 39 41
5 40 43
39
41
2
10 11
42 43
225
44
3 1 7
0
14 3 5
2 4 0
3 16 6
2
4
0 9 13
18 9 11
7 8 10
20 9 12
8
10
15 17 7
2 15 22
14 16 13
15 4 24
19 21 13
19 35 8
17 18 20
19 37 10
17 23 25
14 23 41
21 22 24
16 23 43
21 26 42
28 30 25
28 38 41
29 26 27
28 40 43
31 39 26
30 33 36
33 35 38
31 32 34
33 37 40
32 18 36
31 35 37
34 20 36
32 39 27
30 38 40
29 34 39
22 42 27
25 41 43
29 24 42
2
5 6
11 12
226
44
2 1 40
0
0 3 35
2 4 32
3 5 29
4 6 26
5 8 10
19 8 25
6 7 9
21 8 27
6 12 14
22 12 28
10 11 13
24 12 30
23 10 15
17 20 14
17 19 22
18 15 16
17 21 24
20 7 16
19 21 15
18 20 9
23 11 16
22 24 14
18 23 13
7 26 31
5 25 27
33 9 26
34 11 29
4 28 30
36 13 29
25 39 32
33 3 31
27 41 32
35 37 28
2 34 36
35 38 30
34
36
40 42 31
0 39 41
33 40 43
39
41
2
37 38
42 43
227
44
3 1 7
0
3 5 41
2 4 0
3 6 43
2
4
0 8 42
37 7 9
34 8 10
31 9 11
15 10 13
30 24 13
14 11 12
32 26 13
17 19 11
17 33 27
15 16 18
17 35 29
15 20 28
19 22 25
22 24 27
20 21 23
22 26 29
21 25 12
20 24 26
14 23 25
16 21 28
19 27 29
18 23 28
31 36 12
30 32 10
14 31 38
16 34 41
33 35 9
18 34 43
30 37 39
36 38 8
32 37 40
36
38
2 33 42
7 41 43
4 35 42
2
5 6
39 40
228
44
2 1 40
0
4 0 6
4 36 39
2 3 5
4 38 41
2 37 7
32 6 8
7 9 29
8 11 13
22 11 28
9 10 12
24 11 30
15 17 9
15 31 25
16 13 14
15 33 27
18 26 13
17 20 23
20 22 25
18 19 21
20 24 27
19 23 10
18 22 24
21 23 12
19 26 14
17 25 27
16 21 26
36 10 29
8 28 30
38 12 29
32 34 14
31 33 7
16 32 35
31
33
3 37 28
36 6 38
5 37 30
3 40 42
0 39 41
5 40 43
39
41
2
34 35
42 43
229
44
3 1 7
0
3 5 38
2 4 0
3 6 40
2
4
0 9 13
9 11 41
7 8 10
9 12 43
8
10
14 7 42
15 39 13
14 16 36
15 18 20
18 35 29
16 17 19
31 18 37
16 22 24
32 22 38
20 21 23
34 22 40
33 20 25
30 24 27
32 27 29
25 26 28
31 34 27
30 17 26
31 25 29
30 19 28
33 21 26
32 34 24
33 23 28
17 36 41
15 35 37
19 36 43
2 21 39
14 38 40
4 23 39
35 8 42
41 13 43
37 10 42
2
5 6
11 12
230
44
2 40 1
0
3 35 0
2 5 7
31 34 5
3 4 6
33 5 36
32 3 8
7 9 29
8 11 13
22 11 28
9 10 12
24 11 30
17 9 15
31 25 15
13 14 16
33 27 15
18 26 13
17 20 23
20 22 25
18 19 21
20 24 27
19 23 10
18 22 24
21 23 12
19 26 14
17 25 27
21 26 16
39 10 29
8 28 30
41 12 29
32 4 14
31 33 7
32 6 16
4 35 37
2 34 36
35 6 38
34
36
40 28 42
39 41 0
40 30 43
39
41
2
37 38
42 43
231
44
3 1 7
0
3 5 41
2 4 0
3 6 43
2
4
0 8 42
7 10 12
38 41 10
8 9 11
40 10 43
39 8 13
14 34 12
16 18 13
16 33 27
14 15 17
16 35 29
14 20 22
30 20 38
18 19 21
32 20 40
31 18 23
22 25 28
30 25 27
23 24 26
32 25 29
15 24 28
23 27 29
17 26 28
31 19 24
30 32 22
31 21 26
15 34 36
33 35 13
17 34 37
33
35
19 39 9
38 40 12
21 39 11
2 9 42
7 41 43
4 42 11
2
5 6
36 37
232
44
2 1 40
0
4 0 6
33 4 39
2 3 5
4 35 41
2 8 12
36 8 10
6 7 9
38 8 11
7
9
37 6 13
34 12 14
16 18 13
16 33 27
15 17 14
16 35 29
20 22 14
20 36 30
18 19 21
32 20 38
31 18 23
22 25 28
25 27 30
23 24 26
32 25 29
15 24 28
23 27 29
17 26 28
31 19 24
32 22 30
31 21 26
15 3 34
33 35 13
17 34 5
19 37 7
36 38 12
21 37 9
3 40 42
0 39 41
5 40 43
39
41
2
10 11
42 43
233
44
3 1 7
0
14 3 5
2 4 0
3 16 6
2
4
0 9 13
38 9 11
7 8 10
9 40 12
8
10
15 17 7
2 15 41
14 16 13
15 4 43
18 42 13
17 19 39
18 21 23
32 21 38
19 20 22
34 21 40
19 25 27
35 25 41
23 24 26
37 25 43
28 36 23
30 33 27
30 32 35
28 29 31
30 34 37
29 33 20
28 32 34
31 33 22
29 36 24
35 37 27
31 36 26
20 8 39
18 38 40
22 39 10
14 24 42
17 41 43
16 26 42
2
5 6
11 12
234
44
2 1 40
0
0 3 35
2 4 32
3 6 8
6 28 31
4 5 7
33 6 30
4 9 29
8 11 13
22 11 28
9 10 12
24 11 30
17 9 15
34 25 15
13 14 16
36 27 15
18 26 13
17 20 23
20 22 25
18 19 21
20 24 27
19 23 10
18 22 24
21 23 12
19 26 14
17 25 27
21 26 16
5 10 29
8 28 30
7 12 29
5 39 32
33 3 31
7 41 32
35 37 14
2 34 36
35 38 16
34
36
40 42 31
0 39 41
33 40 43
39
41
2
37 38
42 43
235
44
3 1 7
0
3 5 41
2 4 0
3 6 43
2
4
0 8 42
37 7 9
8 11 13
33 36 11
9 10 12
35 38 11
14 34 9
16 18 13
16 33 27
14 15 17
16 35 29
14 20 22
30 20 41
18 19 21
32 20 43
31 18 23
22 25 28
30 25 27
23 24 26
32 25 29
15 24 28
23 27 29
17 26 28
31 19 24
30 32 22
31 21 26
15 34 10
33 35 13
17 34 12
37 39 10
36 38 8
37 40 12
36
38
2 19 42
7 41 43
4 21 42
2
5 6
39 40
236
44
2 1 40
0
4 0 6
4 36 39
2 3 5
4 38 41
2 37 7
6 9 11
33 36 9
7 8 10
35 38 9
34 7 12
16 11 14
33 27 14
15 12 13
35 29 14
18 22 12
18 20 30
16 17 19
32 18 21
17
19
31 16 23
22 25 28
25 27 30
23 24 26
32 25 29
24 28 13
23 27 29
15 26 28
31 17 24
32 22 30
31 19 26
34 8 13
33 35 11
15 34 10
3 37 8
36 6 38
5 37 10
3 40 42
0 39 41
5 40 43
39
41
2
20 21
42 43
237
44
3 1 7
0
3 5 24
2 4 0
3 6 26
2
4
0 9 13
9 11 41
7 8 10
9 12 43
8
10
14 7 42
16 18 13
16 38 41
14 15 17
16 40 43
14 19 39
18 21 23
32 21 38
19 20 22
34 21 40
19 25 27
2 35 25
23 24 26
4 37 25
28 36 23
30 33 27
30 32 35
28 29 31
30 34 37
29 33 20
28 32 34
31 33 22
29 36 24
35 37 27
31 36 26
15 20 39
18 38 40
17 22 39
15 8 42
41 13 43
17 10 42
2
5 6
11 12
238
44
2 40 1
0
3 35 0
2 5 7
17 34 5
3 4 6
5 19 36
3 9 11
31 9 39
7 8 10
33 9 41
32 7 12
16 11 14
31 25 14
15 12 13
33 27 14
18 20 12
4 18 28
16 17 19
18 6 30
16 21 29
20 23 26
23 25 28
21 22 24
23 27 30
22 26 13
21 25 27
15 24 26
17 22 29
20 28 30
19 24 29
32 8 13
31 33 11
15 32 10
4 35 37
2 34 36
35 6 38
34
36
8 40 42
39 41 0
40 10 43
39
41
2
37 38
42 43
239
44
3 1 7
0
3 5 41
2 4 0
3 6 43
2
4
0 8 42
7 10 12
24 41 10
8 9 11
10 26 43
14 18 8
14 16 38
15 12 13
14 17 40
13
15
19 39 12
18 21 23
32 21 38
19 20 22
34 21 40
19 25 27
35 9 25
23 24 26
37 25 11
36 23 28
30 33 27
30 32 35
31 28 29
30 34 37
33 20 29
32 34 28
31 33 22
36 24 29
35 37 27
31 36 26
20 39 13
18 38 40
15 22 39
2 9 42
7 41 43
4 42 11
2
5 6
16 17
240
44
2 1 40
0
4 0 6
4 39 13
2 3 5
15 4 41
2 8 12
22 8 10
6 7 9
8 24 11
7
9
16 6 14
3 36 14
15 12 13
5 38 14
17 37 12
16 19 21
19 36 30
17 18 20
32 19 38
17 23 25
33 7 23
21 22 24
35 23 9
34 21 26
31 25 28
33 28 30
26 27 29
32 35 28
31 18 27
32 26 30
31 20 29
34 22 27
33 35 25
34 24 29
18 37 13
16 36 38
15 20 37
3 40 42
0 39 41
5 40 43
39
41
2
10 11
42 43
241
44
3 1 7
0
14 3 5
2 4 0
3 16 6
2
4
0 9 13
18 9 11
7 8 10
20 9 12
8
10
15 17 7
2 15 27
14 16 13
15 29 4
19 21 13
19 8 41
17 18 20
19 10 43
17 22 42
21 24 26
35 24 41
22 23 25
37 24 43
28 30 22
14 28 38
29 26 27
28 16 40
31 39 26
30 33 36
33 35 38
31 32 34
33 37 40
32 36 23
31 35 37
34 36 25
32 39 27
30 38 40
29 34 39
18 23 42
21 41 43
20 25 42
2
5 6
11 12
242
44
2 1 40
0
0 3 35
2 4 32
3 5 29
4 7 9
7 28 14
5 6 8
7 30 16
5 11 13
22 11 31
9 10 12
33 24 11
17 9 15
6 25 15
13 14 16
8 27 15
18 26 13
17 20 23
20 22 25
18 19 21
20 24 27
19 23 10
18 22 24
21 23 12
19 26 14
17 25 27
21 26 16
34 6 29
4 28 30
36 8 29
39 10 32
33 3 31
41 12 32
35 37 28
2 34 36
35 38 30
34
36
40 42 31
0 39 41
33 40 43
39
41
2
37 38
42 43
243
44
3 1 7
0
3 5 41
2 4 0
3 6 43
2
4
0 8 42
37 7 9
34 8 10
14 9 12
33 19 12
10 11 13
35 21 12
16 18 10
16 36 27
14 15 17
16 38 29
14 20 22
30 20 11
18 19 21
32 20 13
31 18 23
22 25 28
30 25 27
23 24 26
32 25 29
15 24 28
23 27 29
17 26 28
31 19 24
30 32 22
31 21 26
34 41 11
33 35 9
34 43 13
15 37 39
36 38 8
17 37 40
36
38
2 33 42
7 41 43
4 35 42
2
5 6
39 40
244
44
2 1 40
0
4 0 6
4 36 39
2 3 5
4 38 41
2 37 7
32 6 8
7 10 12
31 17 10
8 9 11
33 19 10
16 8 14
36 25 14
15 12 13
38 27 14
18 20 12
18 9 28
16 17 19
18 11 30
16 21 29
20 23 26
23 25 28
21 22 24
23 27 30
22 26 13
21 25 27
15 24 26
17 22 29
20 28 30
19 24 29
32 34 9
31 33 7
32 35 11
31
33
3 37 13
36 6 38
15 5 37
3 40 42
0 39 41
5 40 43
39
41
2
34 35
42 43
245
44
3 1 7
0
3 5 38
2 4 0
3 6 40
2
4
0 9 13
9 11 41
7 8 10
9 12 43
8
10
14 7 42
15 39 13
14 17 19
17 38 24
15 16 18
17 40 26
15 21 23
32 21 41
19 20 22
34 21 43
19 25 27
16 35 25
23 24 26
18 37 25
36 23 28
30 33 27
30 32 35
31 28 29
30 34 37
33 20 29
32 34 28
31 33 22
36 24 29
35 37 27
31 36 26
2 16 39
14 38 40
4 18 39
20 8 42
41 13 43
22 10 42
2
5 6
11 12
246
44
2 1 40
0
3 35 0
2 5 7
31 34 5
3 4 6
33 5 36
32 3 8
7 10 12
31 17 10
8 9 11
33 19 10
16 8 14
39 25 14
12 13 15
41 27 14
18 20 12
18 9 28
16 17 19
18 11 30
16 21 29
20 23 26
23 25 28
21 22 24
23 27 30
22 26 13
21 25 27
24 26 15
17 22 29
20 28 30
19 24 29
32 4 9
31 33 7
32 6 11
4 35 37
2 34 36
35 6 38
34
36
40 13 42
39 41 0
40 43 15
39
41
2
37 38
42 43
247
44
3 1 7
0
3 5 41
2 4 0
3 6 43
2
4
0 8 42
7 10 12
38 41 10
8 9 11
40 10 43
39 8 13
15 17 12
15 38 24
14 16 13
15 40 26
19 23 13
32 19 21
17 18 20
34 19 22
18
20
17 25 27
14 35 25
23 24 26
16 37 25
36 23 28
30 33 27
30 32 35
31 28 29
30 34 37
33 18 29
32 34 28
31 33 20
36 24 29
35 37 27
31 36 26
14 39 9
38 40 12
16 39 11
2 9 42
7 41 43
4 42 11
2
5 6
21 22
248
44
2 1 40
0
4 0 6
4 18 39
2 3 5
4 20 41
2 8 12
36 8 10
6 7 9
38 8 11
7
9
37 6 13
15 17 12
15 36 22
16 13 14
15 38 24
19 21 13
3 19 30
17 18 20
32 5 19
17 23 25
33 23 14
21 22 24
16 35 23
34 21 26
31 25 28
33 28 30
26 27 29
32 35 28
31 18 27
32 26 30
31 20 29
34 22 27
33 35 25
34 24 29
37 7 14
36 38 12
16 37 9
3 40 42
0 39 41
5 40 43
39
41
2
10 11
42 43
249
44
3 1 7
0
14 3 5
2 4 0
3 16 6
2
4
0 9 13
9 23 11
7 8 10
9 25 12
8
10
15 17 7
2 15 41
14 16 13
15 4 43
18 42 13
17 20 22
20 41 27
18 19 21
29 20 43
18 24 26
35 8 24
22 23 25
37 10 24
28 30 22
28 19 38
29 26 27
28 21 40
31 39 26
30 33 36
33 35 38
31 32 34
33 37 40
32 36 23
31 35 37
34 36 25
32 39 27
30 38 40
29 34 39
14 19 42
17 41 43
16 21 42
2
5 6
11 12
250
44
2 1 40
0
0 3 35
2 4 32
3 6 8
6 13 31
4 5 7
33 6 15
4 10 12
17 34 10
8 9 11
19 36 10
8 14 16
5 25 14
12 13 15
7 27 14
18 20 12
18 9 28
17 19 16
18 11 30
21 29 16
20 23 26
23 25 28
21 22 24
23 27 30
22 26 13
21 25 27
24 26 15
17 22 29
20 28 30
19 24 29
5 39 32
33 3 31
7 41 32
35 37 9
2 34 36
35 38 11
34
36
40 42 31
0 39 41
33 40 43
39
41
2
37 38
42 43
251
44
3 1 7
0
3 5 41
2 4 0
3 6 43
2
4
0 8 42
37 7 9
8 11 13
18 36 11
9 10 12
20 38 11
15 17 9
15 22 41
14 16 13
15 24 43
19 21 13
30 19 10
17 18 20
32 19 12
17 23 25
14 33 23
21 22 24
16 35 23
34 21 26
31 25 28
30 33 28
26 27 29
32 35 28
31 18 27
30 32 26
31 20 29
34 22 27
33 35 25
34 24 29
37 39 10
36 38 8
37 40 12
36
38
14 2 42
7 41 43
16 4 42
2
5 6
39 40
252
44
2 1 40
0
4 0 6
4 36 39
2 3 5
4 38 41
2 37 7
6 9 11
18 36 9
7 8 10
20 38 9
17 7 13
15 22 13
11 12 14
16 24 13
12
14
19 21 11
19 8 30
17 18 20
32 19 10
17 23 25
33 23 12
21 22 24
35 23 14
34 21 26
31 25 28
33 28 30
26 27 29
32 35 28
31 18 27
32 26 30
31 20 29
34 22 27
33 35 25
34 24 29
3 37 8
36 6 38
5 37 10
3 40 42
0 39 41
5 40 43
39
41
2
15 16
42 43
253
44
3 1 7
0
3 5 19
2 4 0
3 6 21
2
4
0 9 13
9 11 41
7 8 10
9 12 43
8
10
14 7 42
16 18 13
16 23 41
14 15 17
16 25 43
14 20 22
2 20 27
18 19 21
29 4 20
18 24 26
15 35 24
22 23 25
17 37 24
28 30 22
28 19 38
29 26 27
28 21 40
31 39 26
30 33 36
33 35 38
31 32 34
33 37 40
32 36 23
31 35 37
34 36 25
32 39 27
30 38 40
29 34 39
15 8 42
41 13 43
17 10 42
2
5 6
11 12
254
44
2 40 1
0
3 35 0
2 5 7
34 5 12
3 4 6
5 36 14
3 9 11
16 9 39
7 8 10
18 9 41
15 7 13
4 20 13
11 12 14
6 22 13
17 19 11
17 8 28
15 16 18
17 10 30
15 21 23
31 21 12
19 20 22
33 21 14
32 19 24
23 26 29
31 26 28
24 25 27
33 26 30
16 25 29
24 28 30
18 27 29
32 20 25
31 33 23
32 22 27
4 35 37
2 34 36
35 6 38
34
36
8 40 42
39 41 0
40 10 43
39
41
2
37 38
42 43
255
44
3 1 7
0
3 5 41
2 4 0
3 6 43
2
4
0 8 42
7 10 12
19 41 10
8 9 11
21 10 43
14 18 8
14 16 23
15 12 13
14 17 25
13
15
20 22 12
20 9 27
18 19 21
20 11 29
18 24 26
35 24 13
22 23 25
15 37 24
30 22 28
19 38 28
26 27 29
21 40 28
31 39 26
30 33 36
33 35 38
31 32 34
33 37 40
32 36 23
31 35 37
34 36 25
32 39 27
30 38 40
34 39 29
2 9 42
7 41 43
4 42 11
2
5 6
16 17
256
44
2 1 40
0
4 0 6
4 39 13
2 3 5
15 4 41
2 8 12
17 8 10
6 7 9
19 8 11
7
9
16 6 14
3 21 14
15 12 13
5 23 14
18 20 12
18 7 25
16 17 19
18 9 27
16 22 24
33 22 13
20 21 23
15 35 22
20 26 28
17 36 26
24 25 27
19 38 26
37 24 29
31 34 28
31 33 36
32 29 30
31 35 38
34 21 30
33 35 29
32 34 23
37 25 30
36 38 28
32 37 27
3 40 42
0 39 41
5 40 43
39
41
2
10 11
42 43
257
44
3 1 7
0
14 3 5
2 4 0
3 16 6
2
4
0 9 13
18 9 11
7 8 10
20 9 12
8
10
15 17 7
2 15 22
14 16 13
15 4 24
19 21 13
19 8 26
17 18 20
28 19 10
17 23 25
14 30 23
21 22 24
16 32 23
29 21 27
18 38 27
28 25 26
20 40 27
31 33 25
31 22 41
29 30 32
31 24 43
29 34 42
33 36 39
36 38 41
34 35 37
36 40 43
35 39 26
34 38 40
28 37 39
30 35 42
33 41 43
32 37 42
2
5 6
11 12
