65
1
12
1 4 7
0 2 9
1 3 5
2 4 11
0 3 6
2 6 8
4 5 10
0
5
1
6
3
2
7 8
9 10
2
20
5 1 14
0
3 6 11
2 4 9
3 5 7
4 6 0
2 5 8
16 4 8
6 7 10
3
8
15 2 12
18 11 13
16 12 14
15 0 13
17 11 14
17 7 13
15 16 19
12
17
2
9 10
18 19
3
28
2 22 1
0
6 0 13
4 7 10
3 5 19
4 6 8
2 5 7
3 6 9
15 5 9
7 8 24
3 11 14
17 10 12
15 11 13
2 12 14
16 10 13
16 8 12
15 18 14
11
16
4 20 23
19 21 26
20 22 24
21 23 0
19 22 25
21 9 25
23 24 27
20
25
2
17 18
26 27
4
36
2 1 30
0
0 3 21
2 7 14
5 8 11
4 18 6
5 7 9
3 6 8
4 7 10
6 10 16
8 9 23
4 12 15
11 13 27
12 14 16
3 13 15
17 11 14
17 9 13
32 15 16
5 19 22
18 20 25
19 21 23
2 20 22
18 21 24
20 10 24
22 23 26
19
24
31 12 28
34 27 29
32 28 30
31 0 29
33 27 30
17 33 29
31 32 35
28
33
2
25 26
34 35
5
36
5 1 11
0
30 3 6
2 4 9
3 5 7
4 6 0
2 5 8
4 35 8
6 7 10
3
8
32 0 12
16 23 11
14 17 20
15 13 29
14 16 18
15 17 12
16 19 13
15 19 25
17 18 34
21 24 13
20 22 27
21 23 25
22 24 12
20 23 26
18 22 26
24 25 28
21
26
14 30 33
2 31 29
30 32 34
31 33 11
32 35 29
31 19 35
33 34 7
2
9 10
27 28
6
44
2 38 1
0
3 0 29
2 4 22
3 8 15
6 9 12
19 5 7
6 8 10
4 7 9
5 8 11
17 7 11
24 9 10
5 13 16
12 26 14
17 13 15
4 14 16
18 12 15
18 10 14
17 31 16
20 6 23
19 21 35
20 22 24
3 21 23
19 22 25
21 25 11
23 24 40
13 27 30
33 26 28
31 27 29
2 28 30
32 26 29
18 32 28
31 34 30
27
32
20 36 39
35 37 42
36 38 40
37 39 0
35 38 41
37 25 41
39 40 43
36
41
2
33 34
42 43
7
44
5 1 11
0
3 6 38
2 4 9
3 5 7
4 6 0
2 5 8
4 8 43
6 7 10
3
8
0 40 12
31 11 13
17 24 12
15 18 21
14 16 28
15 17 19
16 18 13
14 17 20
16 20 26
33 18 19
14 22 25
21 37 23
22 24 26
23 25 13
21 24 27
19 23 27
25 26 42
15 32 29
30 35 28
31 33 29
30 32 12
31 34 28
30 34 20
32 33 36
29
34
22 38 41
2 37 39
38 40 42
39 41 11
37 40 43
39 27 43
7 41 42
2
9 10
35 36
8
44
2 38 1
0
6 0 10
4 7 29
3 5 35
4 6 8
2 5 7
3 6 9
34 5 9
7 8 40
2 31 11
15 22 10
16 19 13
12 28 14
15 17 13
16 11 14
15 18 12
18 24 14
16 17 33
20 23 12
19 21 26
20 22 24
21 23 11
19 22 25
17 21 25
23 24 27
20
25
32 13 29
3 28 30
31 33 29
32 10 30
31 34 28
18 34 30
32 33 8
4 36 39
35 37 42
36 38 40
37 39 0
35 38 41
37 9 41
39 40 43
36
41
2
26 27
42 43
9
44
5 1 11
0
3 31 6
2 4 9
3 5 7
4 6 0
2 5 8
4 8 36
6 7 10
3
8
15 21 0
16 38 13
14 19 12
15 17 13
14 16 11
15 18 12
14 18 43
16 17 20
13
18
22 11 40
33 21 26
30 24 27
23 37 25
24 26 28
22 25 27
23 26 29
35 25 29
27 28 42
31 34 23
30 2 32
31 33 35
32 34 22
30 33 36
32 36 28
34 35 7
24 38 41
37 39 12
38 40 42
21 39 41
37 40 43
39 29 43
17 41 42
2
9 10
19 20
10
52
2 1 46
0
0 3 37
2 4 30
3 5 23
4 9 16
7 10 13
20 6 8
7 9 11
5 8 10
6 9 12
18 8 12
25 10 11
17 6 14
27 13 15
18 14 16
17 5 15
19 13 16
19 11 15
17 18 32
21 7 24
20 34 22
21 23 25
4 22 24
20 23 26
22 26 12
24 25 39
28 14 31
27 29 43
28 30 32
3 29 31
33 27 30
33 19 29
48 31 32
21 35 38
34 36 41
35 37 39
2 36 38
34 37 40
36 26 40
38 39 42
35
40
47 28 44
50 43 45
48 44 46
47 0 45
49 43 46
33 49 45
47 48 51
44
49
2
41 42
50 51
11
52
5 1 11
0
46 3 6
2 4 9
3 5 7
4 6 0
2 5 8
4 51 8
6 7 10
3
8
48 0 12
39 11 13
14 32 12
18 25 13
16 19 22
15 17 29
16 18 20
14 17 19
15 18 21
17 21 27
34 19 20
15 23 26
36 22 24
23 25 27
14 24 26
22 25 28
20 24 28
41 26 27
30 16 33
31 29 45
30 32 34
31 33 13
32 35 29
31 35 21
33 34 50
37 23 40
36 38 43
37 39 41
38 40 12
36 39 42
38 42 28
40 41 44
37
42
30 46 49
2 47 45
46 48 50
47 49 11
48 51 45
47 35 51
49 50 7
2
9 10
43 44
12
52
2 1 46
0
6 0 10
4 7 37
3 5 43
4 6 8
2 5 7
3 6 9
5 9 42
48 7 8
2 39 11
10 12 30
16 23 11
17 20 14
15 27 13
16 18 14
15 17 12
16 19 13
15 19 25
32 17 18
21 24 13
20 36 22
21 23 25
22 24 12
20 23 26
18 22 26
24 25 41
31 28 14
34 27 29
32 28 30
31 11 29
33 27 30
33 19 29
31 32 35
28
33
21 37 40
3 36 38
37 39 41
38 40 10
36 39 42
38 26 42
8 40 41
47 4 44
50 43 45
48 44 46
47 0 45
49 43 46
49 9 45
47 48 51
44
49
2
34 35
50 51
13
52
5 1 11
0
3 6 39
2 4 9
3 5 7
4 6 0
2 5 8
4 8 44
6 7 10
3
8
15 21 0
16 46 13
14 19 12
15 17 13
14 16 11
15 18 12
14 18 51
16 17 20
13
18
48 22 11
21 23 41
34 22 27
31 25 28
38 24 26
25 27 29
23 26 28
30 24 27
30 36 26
43 28 29
32 35 24
31 45 33
32 34 36
33 35 23
31 34 37
33 37 29
35 36 50
39 25 42
2 38 40
39 41 43
22 40 42
38 41 44
30 40 44
7 42 43
32 46 49
45 47 12
46 48 50
47 49 21
45 48 51
47 37 51
17 49 50
2
9 10
19 20
14
52
2 1 46
0
3 37 0
2 7 11
5 8 28
4 34 6
5 7 9
3 6 8
4 7 10
33 6 10
8 9 39
3 12 30
23 11 16
17 20 14
13 27 15
18 14 16
17 12 15
19 13 16
19 25 15
17 18 32
21 24 13
20 22 43
21 23 25
22 24 12
20 23 26
18 22 26
48 24 25
31 14 28
4 27 29
32 28 30
31 11 29
33 27 30
19 33 29
31 32 9
5 35 38
34 36 41
35 37 39
2 36 38
34 37 40
36 10 40
38 39 42
35
40
47 21 44
50 43 45
48 44 46
47 0 45
49 43 46
49 26 45
47 48 51
44
49
2
41 42
50 51
15
52
5 1 11
0
46 3 6
2 4 9
3 5 7
4 6 0
2 5 8
4 51 8
6 7 10
3
8
48 0 12
16 20 11
14 17 39
15 13 45
14 16 18
15 17 12
16 19 13
15 19 44
17 18 50
21 41 12
32 20 25
23 26 29
22 38 24
23 25 27
21 24 26
22 25 28
34 24 28
26 27 43
30 33 22
31 36 29
30 32 34
31 33 21
32 35 29
31 35 27
33 34 37
30
35
23 39 42
38 40 13
39 41 43
20 40 42
38 41 44
40 28 44
18 42 43
14 46 49
2 47 45
46 48 50
47 49 11
48 51 45
47 19 51
49 50 7
2
9 10
36 37
16
52
2 1 46
0
6 0 10
4 7 30
3 5 43
4 6 8
2 5 7
3 6 9
5 35 9
48 7 8
2 20 14
15 37 12
18 11 13
16 12 14
15 10 13
17 11 14
17 42 13
15 16 19
12
17
21 39 10
32 20 25
23 26 29
36 22 24
23 25 27
21 24 26
22 25 28
34 24 28
41 26 27
33 22 30
31 3 29
32 34 30
31 33 21
32 35 29
31 35 27
33 34 8
37 23 40
36 38 11
37 39 41
20 38 40
36 39 42
38 42 28
16 40 41
47 4 44
50 43 45
48 44 46
47 0 45
49 43 46
49 9 45
47 48 51
44
49
2
18 19
50 51
17
52
5 1 11
0
3 6 23
2 4 9
3 5 7
4 6 0
2 5 8
4 8 28
6 7 10
3
8
15 21 0
16 39 13
14 19 12
15 17 13
14 16 11
15 18 12
14 44 18
16 17 20
13
18
29 25 11
46 23 26
2 22 24
23 25 27
21 24 26
22 25 28
51 24 28
7 26 27
30 48 21
29 34 41
32 35 38
45 31 33
32 34 36
30 33 35
31 34 37
33 37 43
50 35 36
31 39 42
38 40 12
39 41 43
30 40 42
44 38 41
44 36 40
17 42 43
46 32 49
45 47 22
46 48 50
29 47 49
45 48 51
47 51 37
49 50 27
2
9 10
19 20
18
60
2 54 1
0
3 0 45
2 4 38
3 5 31
4 6 24
17 5 10
8 11 14
21 7 9
8 10 12
6 9 11
7 10 13
19 9 13
26 11 12
18 7 15
28 14 16
17 19 15
18 6 16
17 20 14
20 12 16
33 18 19
22 8 25
35 21 23
22 24 26
5 23 25
21 24 27
23 27 13
40 25 26
29 15 32
28 42 30
33 29 31
4 30 32
34 28 31
34 20 30
33 47 32
36 22 39
35 37 51
36 38 40
3 37 39
35 38 41
37 41 27
39 40 56
29 43 46
49 42 44
47 43 45
2 44 46
48 42 45
34 48 44
47 50 46
43
48
36 52 55
51 53 58
52 54 56
53 55 0
51 54 57
53 41 57
55 56 59
52
57
2
49 50
58 59
19
60
5 1 11
0
3 6 54
2 4 9
3 5 7
4 6 0
2 5 8
4 8 59
6 7 10
3
8
0 56 12
47 11 13
14 40 12
15 33 13
14 19 26
17 20 23
30 16 18
17 19 21
15 18 20
16 19 22
18 22 28
35 20 21
16 24 27
37 23 25
24 26 28
15 25 27
23 26 29
21 25 29
42 27 28
31 17 34
30 32 44
31 33 35
14 32 34
30 33 36
32 36 22
49 34 35
38 24 41
37 53 39
38 40 42
39 41 13
37 40 43
39 43 29
41 42 58
31 48 45
46 51 44
47 49 45
46 48 12
47 50 44
46 50 36
48 49 52
45
50
38 54 57
2 53 55
54 56 58
55 57 11
53 56 59
55 43 59
7 57 58
2
9 10
51 52
20
60
2 54 1
0
6 0 10
4 7 45
3 5 51
4 6 8
2 5 7
3 6 9
50 5 9
7 8 56
2 47 11
38 10 12
31 11 13
17 24 12
15 18 21
16 28 14
15 17 19
16 18 13
17 20 14
16 20 26
33 18 19
22 25 14
35 21 23
22 24 26
23 25 13
21 24 27
19 23 27
40 25 26
15 32 29
28 44 30
31 33 29
32 12 30
31 34 28
34 20 30
32 33 49
36 22 39
35 37 42
36 38 40
37 39 11
35 38 41
37 41 27
39 40 43
36
41
48 29 45
3 44 46
47 49 45
48 10 46
47 50 44
34 50 46
48 49 8
4 52 55
51 53 58
52 54 56
53 55 0
51 54 57
53 9 57
55 56 59
52
57
2
42 43
58 59
21
60
5 1 11
0
3 47 6
2 4 9
3 5 7
4 6 0
2 5 8
4 8 52
6 7 10
3
8
15 21 0
16 54 13
14 19 12
15 17 13
14 16 11
15 18 12
14 18 59
16 17 20
13
18
22 11 56
49 21 23
22 24 42
35 23 28
32 26 29
39 25 27
30 26 28
24 27 29
31 25 28
31 37 27
30 44 29
33 36 25
46 32 34
33 35 37
34 36 24
32 35 38
30 34 38
51 36 37
40 26 43
39 53 41
40 42 44
23 41 43
39 42 45
31 41 45
43 44 58
47 33 50
46 2 48
47 49 51
48 50 22
46 49 52
48 52 38
50 51 7
40 54 57
53 55 12
54 56 58
21 55 57
53 56 59
55 45 59
17 57 58
2
9 10
19 20
22
60
2 1 54
0
3 0 45
2 7 11
5 36 8
4 6 42
5 7 9
3 6 8
4 7 10
6 10 41
47 8 9
3 38 12
11 13 31
17 24 12
18 21 15
28 14 16
17 19 15
18 13 16
17 20 14
20 26 16
33 18 19
22 25 14
21 35 23
22 24 26
23 25 13
21 24 27
19 23 27
25 26 40
29 15 32
51 28 30
33 29 31
12 30 32
34 28 31
34 20 30
33 56 32
22 36 39
4 35 37
36 38 40
37 39 11
35 38 41
37 27 41
9 39 40
5 43 46
49 42 44
47 43 45
2 44 46
48 42 45
48 10 44
47 50 46
43
48
52 55 29
51 53 58
52 54 56
0 53 55
51 54 57
34 53 57
55 56 59
52
57
2
49 50
58 59
23
60
5 1 11
0
3 6 54
2 4 9
3 5 7
4 6 0
2 5 8
4 8 59
6 7 10
3
8
0 56 12
16 20 11
14 47 17
15 53 13
14 16 18
15 17 12
16 19 13
15 19 52
17 18 58
49 21 12
20 22 40
33 21 26
30 24 27
37 23 25
24 26 28
22 25 27
23 26 29
35 25 29
42 27 28
31 34 23
30 46 32
31 33 35
32 34 22
30 33 36
32 36 28
34 35 51
38 24 41
37 39 44
38 40 42
21 39 41
37 40 43
39 43 29
41 42 45
38
43
31 47 50
46 48 13
47 49 51
48 50 20
46 49 52
48 36 52
18 50 51
14 54 57
2 53 55
54 56 58
55 57 11
53 56 59
19 55 59
7 57 58
2
9 10
44 45
24
60
2 54 1
0
6 0 10
4 7 38
3 5 51
4 6 8
2 5 7
3 6 9
5 9 43
7 8 56
2 20 14
15 12 45
18 11 13
16 12 14
15 10 13
17 11 14
17 50 13
15 16 19
12
17
47 21 10
20 22 40
33 21 26
24 27 30
37 23 25
24 26 28
22 25 27
23 26 29
35 25 29
42 27 28
31 34 23
32 44 30
31 33 35
32 34 22
33 36 30
32 36 28
49 34 35
38 24 41
3 37 39
38 40 42
21 39 41
37 40 43
39 43 29
8 41 42
31 48 45
11 44 46
47 49 45
48 20 46
47 50 44
50 36 46
16 48 49
4 52 55
51 53 58
52 54 56
53 55 0
51 54 57
53 9 57
55 56 59
52
57
2
18 19
58 59
25
60
5 1 11
0
3 6 23
2 4 9
3 5 7
4 6 0
2 5 8
4 8 28
6 7 10
3
8
15 21 0
16 47 13
14 19 12
15 17 13
14 16 11
15 18 12
14 18 52
16 17 20
13
18
29 25 11
23 54 26
2 22 24
23 25 27
21 24 26
22 25 28
24 28 59
7 26 27
30 21 56
29 31 49
30 35 42
33 36 39
46 32 34
33 35 37
31 34 36
32 35 38
44 34 38
51 36 37
32 40 43
53 39 41
44 40 42
31 41 43
45 39 42
45 37 41
44 58 43
47 33 50
46 48 12
47 49 51
30 48 50
46 49 52
48 52 38
17 50 51
54 40 57
22 53 55
54 56 58
29 55 57
53 56 59
45 55 59
27 57 58
2
9 10
19 20
26
60
2 54 1
0
3 0 45
2 4 38
3 8 12
6 9 29
35 5 7
6 8 10
4 7 9
5 8 11
34 7 11
40 9 10
4 13 31
17 24 12
18 21 15
28 14 16
17 19 15
18 13 16
17 20 14
20 26 16
33 18 19
22 25 14
21 23 42
22 24 26
23 25 13
21 24 27
19 23 27
47 25 26
29 15 32
5 28 30
33 29 31
12 30 32
34 28 31
34 20 30
33 10 32
36 6 39
35 37 51
36 38 40
3 37 39
35 38 41
37 41 11
39 40 56
22 43 46
49 42 44
47 43 45
2 44 46
48 42 45
48 27 44
47 50 46
43
48
36 52 55
51 53 58
52 54 56
53 55 0
51 54 57
53 41 57
55 56 59
52
57
2
49 50
58 59
27
60
5 1 11
0
3 6 54
2 4 9
3 5 7
4 6 0
2 5 8
4 8 59
6 7 10
3
8
0 56 12
47 11 13
17 21 12
15 18 38
14 16 44
15 17 19
16 18 13
14 17 20
16 20 43
49 18 19
22 40 13
33 21 26
30 24 27
37 23 25
24 26 28
22 25 27
23 26 29
35 25 29
42 27 28
31 34 23
30 32 53
31 33 35
32 34 22
30 33 36
32 36 28
34 35 58
38 24 41
14 37 39
38 40 42
21 39 41
37 40 43
39 43 29
19 41 42
15 48 45
46 51 44
47 49 45
46 48 12
47 50 44
46 50 20
48 49 52
45
50
31 54 57
2 53 55
54 56 58
55 57 11
53 56 59
36 55 59
7 57 58
2
9 10
51 52
28
60
2 54 1
0
6 0 10
4 7 45
3 5 51
4 6 8
2 5 7
3 6 9
50 5 9
7 8 56
2 47 11
15 19 10
16 38 13
12 44 14
15 17 13
16 11 14
15 18 12
18 43 14
16 17 49
20 40 11
31 19 24
22 25 28
21 37 23
22 24 26
20 23 25
21 24 27
33 23 27
25 26 42
32 21 29
35 28 30
31 33 29
32 20 30
31 34 28
34 26 30
32 33 36
29
34
22 38 41
37 39 12
38 40 42
19 39 41
37 40 43
39 27 43
17 41 42
48 13 45
3 44 46
47 49 45
48 10 46
47 50 44
18 50 46
48 49 8
4 52 55
51 53 58
52 54 56
53 55 0
51 54 57
53 9 57
55 56 59
52
57
2
35 36
58 59
29
60
5 1 11
0
3 6 40
2 4 9
3 5 7
4 6 0
2 5 8
4 8 45
6 7 10
3
8
15 21 0
16 54 13
14 19 12
15 17 13
14 16 11
15 18 12
14 18 59
16 17 20
13
18
22 11 56
30 21 26
47 24 27
23 53 25
24 26 28
22 25 27
23 26 29
52 25 29
27 28 58
31 49 22
30 35 42
33 36 39
32 46 34
33 35 37
31 34 36
32 35 38
34 38 44
36 37 51
32 40 43
2 39 41
40 42 44
31 41 43
39 42 45
37 41 45
7 43 44
33 47 50
46 48 23
47 49 51
30 48 50
46 49 52
48 38 52
50 51 28
24 54 57
53 55 12
54 56 58
21 55 57
53 56 59
55 29 59
17 57 58
2
9 10
19 20
30
60
2 1 54
0
3 0 45
2 7 11
5 8 29
4 6 42
5 7 9
3 6 8
4 7 10
34 6 10
47 8 9
3 19 15
36 13 16
51 12 14
17 13 15
11 14 16
18 12 15
18 41 14
17 56 16
20 38 11
31 19 24
22 25 28
35 21 23
22 24 26
20 23 25
21 24 27
33 23 27
40 25 26
32 21 29
4 28 30
31 33 29
32 20 30
31 34 28
34 26 30
32 33 9
36 22 39
35 37 12
36 38 40
19 37 39
35 38 41
37 41 27
17 39 40
5 43 46
49 42 44
47 43 45
2 44 46
48 42 45
48 10 44
47 50 46
43
48
52 55 13
51 53 58
52 54 56
0 53 55
51 54 57
18 53 57
55 56 59
52
57
2
49 50
58 59
31
60
5 1 11
0
3 6 54
2 4 9
3 5 7
4 6 0
2 5 8
4 8 59
6 7 10
3
8
0 56 12
16 20 11
14 17 40
15 53 13
14 16 18
15 17 12
16 19 13
15 19 45
17 18 58
30 24 12
47 22 25
21 23 28
22 24 26
20 23 25
21 24 27
52 23 27
25 26 29
22
27
31 49 20
30 35 42
33 36 39
46 32 34
33 35 37
31 34 36
32 35 38
34 38 44
51 36 37
32 40 43
39 41 13
40 42 44
31 41 43
39 42 45
37 41 45
18 43 44
47 33 50
46 48 21
47 49 51
30 48 50
46 49 52
48 52 38
50 51 26
14 54 57
2 53 55
54 56 58
55 57 11
53 56 59
19 55 59
7 57 58
2
9 10
28 29
32
60
2 54 1
0
6 0 10
4 7 22
3 5 51
4 6 8
2 5 7
3 6 9
5 9 27
7 8 56
2 20 14
15 38 12
18 11 13
16 12 14
15 10 13
17 11 14
17 43 13
15 16 19
12
17
24 10 28
22 25 45
3 21 23
22 24 26
20 23 25
21 24 27
50 23 27
8 25 26
47 20 29
33 40 28
31 34 37
32 44 30
31 33 35
32 34 29
33 36 30
32 36 42
49 34 35
38 41 30
37 39 11
38 40 42
39 41 29
37 40 43
35 39 43
16 41 42
31 48 45
21 44 46
47 49 45
48 28 46
47 50 44
50 36 46
48 49 26
4 52 55
51 53 58
52 54 56
53 55 0
51 54 57
53 9 57
55 56 59
52
57
2
18 19
58 59
33
60
5 1 11
0
3 6 23
2 4 9
3 5 7
4 6 0
2 5 8
4 8 28
6 7 10
3
8
15 21 0
16 31 13
14 19 12
15 17 13
14 16 11
15 18 12
14 18 36
16 17 20
13
18
29 25 11
47 23 26
2 22 24
23 25 27
21 24 26
22 25 28
52 24 28
7 26 27
33 21 37
31 34 54
30 32 12
31 33 35
29 32 34
30 33 36
32 36 59
17 34 35
29 38 56
49 37 42
46 40 43
53 39 41
44 40 42
38 41 43
45 39 42
45 51 41
44 58 43
47 50 39
46 48 22
47 49 51
48 50 38
46 49 52
44 48 52
50 51 27
54 40 57
30 53 55
54 56 58
37 55 57
53 56 59
45 55 59
35 57 58
2
9 10
19 20
34
68
2 1 62
0
0 3 53
2 4 46
3 5 39
4 6 32
5 7 25
18 6 11
9 12 15
22 8 10
9 11 13
7 10 12
8 11 14
20 10 14
27 12 13
19 8 16
17 29 15
18 20 16
17 19 7
18 21 15
17 21 13
34 19 20
23 9 26
36 22 24
23 25 27
6 24 26
22 25 28
24 28 14
41 26 27
33 30 16
43 29 31
34 30 32
33 5 31
35 29 32
35 21 31
33 34 48
37 23 40
36 50 38
37 39 41
4 38 40
36 39 42
38 42 28
40 41 55
44 30 47
43 45 59
44 46 48
3 45 47
49 43 46
49 35 45
64 47 48
37 51 54
50 52 57
51 53 55
2 52 54
50 53 56
52 42 56
54 55 58
51
56
63 44 60
66 59 61
64 60 62
63 0 61
65 59 62
49 65 61
63 64 67
60
65
2
57 58
66 67
35
68
5 1 11
0
62 3 6
2 4 9
3 5 7
4 6 0
2 5 8
4 67 8
6 7 10
3
8
64 0 12
55 11 13
14 48 12
15 41 13
14 16 34
15 20 27
18 21 24
31 17 19
18 20 22
16 19 21
17 20 23
19 23 29
36 21 22
17 25 28
38 24 26
25 27 29
16 26 28
30 24 27
30 22 26
43 28 29
32 18 35
31 33 45
32 34 36
15 33 35
31 34 37
33 37 23
50 35 36
39 25 42
52 38 40
39 41 43
14 40 42
38 41 44
30 40 44
57 42 43
46 32 49
47 45 61
46 48 50
47 49 13
48 51 45
47 51 37
49 50 66
53 39 56
52 54 59
53 55 57
54 56 12
52 55 58
54 58 44
56 57 60
53
58
46 62 65
2 63 61
62 64 66
63 65 11
64 67 61
63 51 67
65 66 7
2
9 10
59 60
36
68
2 1 62
0
6 0 10
4 7 53
3 5 59
4 6 8
2 5 7
3 6 9
5 9 58
64 7 8
2 55 11
10 12 46
39 11 13
32 12 14
18 25 13
16 19 22
15 17 29
16 18 20
17 19 14
15 18 21
17 21 27
34 19 20
15 23 26
36 22 24
23 25 27
24 26 14
22 25 28
20 24 28
41 26 27
16 33 30
31 43 29
32 34 30
31 33 13
32 35 29
31 35 21
48 33 34
37 23 40
36 52 38
37 39 41
38 40 12
36 39 42
38 42 28
40 41 57
47 44 30
50 43 45
48 44 46
47 11 45
49 43 46
49 35 45
47 48 51
44
49
37 53 56
3 52 54
53 55 57
54 56 10
52 55 58
54 42 58
8 56 57
63 4 60
66 59 61
64 60 62
63 0 61
65 59 62
65 9 61
63 64 67
60
65
2
50 51
66 67
37
68
5 1 11
0
3 6 55
2 4 9
3 5 7
4 6 0
2 5 8
4 8 60
6 7 10
3
8
15 21 0
16 62 13
14 19 12
15 17 13
14 16 11
15 18 12
14 18 67
16 17 20
13
18
64 22 11
21 23 57
50 22 24
23 25 43
36 24 29
30 33 27
40 26 28
31 27 29
30 25 28
32 26 29
32 38 28
30 31 45
34 37 26
47 33 35
34 36 38
35 37 25
33 36 39
31 35 39
52 37 38
41 27 44
54 40 42
41 43 45
24 42 44
46 40 43
46 32 42
59 44 45
48 34 51
47 61 49
48 50 52
49 51 23
47 50 53
49 53 39
51 52 66
55 41 58
2 54 56
55 57 59
22 56 58
54 57 60
46 56 60
7 58 59
48 62 65
61 63 12
62 64 66
63 65 21
61 64 67
63 53 67
17 65 66
2
9 10
19 20
38
68
2 1 62
0
3 53 0
2 7 11
5 8 44
4 50 6
5 7 9
3 6 8
4 7 10
49 6 10
8 9 55
3 12 46
39 11 13
12 14 32
18 25 13
19 22 16
17 29 15
18 20 16
17 19 14
18 21 15
17 21 27
34 19 20
23 26 15
36 22 24
23 25 27
24 26 14
22 25 28
20 24 28
41 26 27
33 30 16
29 43 31
34 30 32
33 13 31
35 29 32
35 21 31
33 34 48
37 23 40
36 38 59
37 39 41
38 40 12
36 39 42
38 42 28
64 40 41
47 30 44
4 43 45
48 44 46
47 11 45
49 43 46
35 49 45
47 48 9
5 51 54
50 52 57
51 53 55
2 52 54
50 53 56
52 10 56
54 55 58
51
56
63 37 60
66 59 61
64 60 62
63 0 61
65 59 62
65 42 61
63 64 67
60
65
2
57 58
66 67
39
68
5 1 11
0
62 3 6
2 4 9
3 5 7
4 6 0
2 5 8
4 67 8
6 7 10
3
8
64 0 12
16 20 11
14 17 55
15 13 61
14 16 18
15 17 12
16 19 13
15 19 60
17 18 66
21 57 12
48 20 22
21 23 41
34 22 27
31 25 28
38 24 26
25 27 29
23 26 28
30 24 27
30 36 26
43 28 29
32 35 24
31 33 45
32 34 36
33 35 23
31 34 37
33 37 29
50 35 36
39 25 42
38 54 40
39 41 43
22 40 42
38 41 44
30 40 44
42 43 59
46 32 49
47 52 45
46 48 50
47 49 21
48 51 45
47 51 37
49 50 53
46
51
39 55 58
54 56 13
55 57 59
20 56 58
54 57 60
56 44 60
18 58 59
14 62 65
2 63 61
62 64 66
63 65 11
64 67 61
63 19 67
65 66 7
2
9 10
52 53
40
68
2 1 62
0
6 0 10
4 7 46
3 5 59
4 6 8
2 5 7
3 6 9
5 51 9
64 7 8
2 20 14
15 53 12
18 11 13
16 12 14
15 10 13
17 11 14
17 58 13
15 16 19
12
17
21 55 10
48 20 22
21 23 41
34 22 27
31 25 28
38 24 26
25 27 29
23 26 28
24 27 30
36 26 30
43 28 29
32 35 24
31 33 45
32 34 36
33 35 23
31 34 37
33 37 29
50 35 36
39 25 42
52 38 40
39 41 43
22 40 42
38 41 44
40 44 30
57 42 43
32 49 46
47 3 45
48 50 46
47 49 21
48 51 45
47 51 37
49 50 8
53 39 56
52 54 11
53 55 57
20 54 56
52 55 58
54 58 44
16 56 57
63 4 60
66 59 61
64 60 62
63 0 61
65 59 62
65 9 61
63 64 67
60
65
2
18 19
66 67
41
68
5 1 11
0
3 6 23
2 4 9
3 5 7
4 6 0
2 5 8
4 8 28
6 7 10
3
8
15 21 0
16 55 13
14 19 12
15 17 13
14 16 11
15 18 12
14 60 18
16 17 20
13
18
29 25 11
62 23 26
2 22 24
23 25 27
21 24 26
22 25 28
67 24 28
7 26 27
30 64 21
29 31 57
30 32 50
31 36 43
34 37 40
47 33 35
34 36 38
32 35 37
33 36 39
45 35 39
52 37 38
44 33 41
54 40 42
45 41 43
44 32 42
46 40 43
46 38 42
44 45 59
48 34 51
61 47 49
48 50 52
31 49 51
47 50 53
49 53 39
66 51 52
55 41 58
54 56 12
55 57 59
30 56 58
60 54 57
60 46 56
17 58 59
62 48 65
61 63 22
62 64 66
29 63 65
61 64 67
63 67 53
65 66 27
2
9 10
19 20
42
68
2 1 62
0
0 3 53
2 4 46
3 8 12
37 6 9
5 7 43
6 8 10
4 7 9
5 8 11
7 42 11
9 10 48
4 39 13
12 14 32
18 25 13
19 22 16
17 29 15
18 20 16
17 19 14
18 21 15
17 21 27
34 19 20
23 26 15
36 22 24
23 25 27
24 26 14
22 25 28
20 24 28
41 26 27
33 30 16
50 29 31
34 30 32
33 13 31
35 29 32
35 21 31
33 34 55
37 23 40
36 5 38
37 39 41
38 40 12
36 39 42
38 42 28
40 41 10
6 44 47
43 45 59
44 46 48
3 45 47
49 43 46
49 11 45
64 47 48
51 54 30
50 52 57
51 53 55
2 52 54
50 53 56
35 52 56
54 55 58
51
56
63 44 60
66 59 61
64 60 62
63 0 61
65 59 62
49 65 61
63 64 67
60
65
2
57 58
66 67
43
68
5 1 11
0
62 3 6
2 4 9
3 5 7
4 6 0
2 5 8
4 67 8
6 7 10
3
8
64 0 12
55 11 13
17 21 12
46 15 18
14 16 52
15 17 19
16 18 13
14 17 20
16 51 20
18 19 57
48 22 13
21 23 41
34 22 27
31 25 28
38 24 26
25 27 29
23 26 28
30 24 27
30 36 26
43 28 29
32 35 24
31 33 45
32 34 36
33 35 23
31 34 37
33 37 29
50 35 36
39 25 42
38 40 61
39 41 43
22 40 42
38 41 44
30 40 44
66 42 43
46 32 49
14 47 45
46 48 50
47 49 21
48 51 45
47 51 37
49 50 19
15 53 56
52 54 59
53 55 57
54 56 12
52 55 58
20 54 58
56 57 60
53
58
62 65 39
2 63 61
62 64 66
63 65 11
64 67 61
63 67 44
65 66 7
2
9 10
59 60
44
68
2 1 62
0
6 0 10
4 7 53
3 5 59
4 6 8
2 5 7
3 6 9
5 9 58
64 7 8
2 55 11
15 19 10
16 13 46
52 12 14
15 17 13
16 11 14
15 18 12
18 51 14
16 17 57
48 20 11
19 21 39
32 20 25
23 26 29
36 22 24
23 25 27
21 24 26
22 25 28
34 24 28
41 26 27
33 22 30
31 29 45
32 34 30
31 33 21
32 35 29
31 35 27
33 34 50
37 23 40
36 38 43
37 39 41
20 38 40
36 39 42
38 42 28
40 41 44
37
42
49 30 46
47 12 45
48 50 46
47 49 19
48 51 45
47 35 51
17 49 50
53 56 13
3 52 54
53 55 57
54 56 10
52 55 58
18 54 58
8 56 57
63 4 60
66 59 61
64 60 62
63 0 61
65 59 62
65 9 61
63 64 67
60
65
2
43 44
66 67
45
68
5 1 11
0
3 48 6
2 4 9
3 5 7
4 6 0
2 5 8
4 8 53
6 7 10
3
8
15 21 0
16 62 13
14 19 12
15 17 13
14 16 11
15 18 12
14 18 67
16 17 20
13
18
64 22 11
30 21 26
24 55 27
61 23 25
24 26 28
22 25 27
23 26 29
60 25 29
66 27 28
31 22 57
30 32 50
31 36 43
34 37 40
47 33 35
34 36 38
32 35 37
33 36 39
35 39 45
52 37 38
33 41 44
40 54 42
41 43 45
32 42 44
46 40 43
46 38 42
44 45 59
48 34 51
2 47 49
48 50 52
31 49 51
47 50 53
49 53 39
51 7 52
41 55 58
23 54 56
55 57 59
30 56 58
60 54 57
46 60 56
28 58 59
62 65 24
61 63 12
62 64 66
63 65 21
61 64 67
63 67 29
17 65 66
2
9 10
19 20
46
68
2 1 62
0
3 0 53
2 7 11
5 37 8
4 50 6
5 7 9
3 6 8
4 7 10
6 10 42
8 9 55
3 19 15
13 44 16
12 59 14
17 13 15
11 14 16
18 12 15
18 49 14
17 64 16
20 11 46
19 21 39
32 20 25
23 26 29
36 22 24
23 25 27
21 24 26
22 25 28
34 24 28
41 26 27
33 22 30
31 43 29
32 34 30
31 33 21
32 35 29
31 35 27
48 33 34
37 23 40
4 36 38
37 39 41
20 38 40
36 39 42
38 42 28
9 40 41
47 44 30
12 43 45
48 44 46
47 19 45
49 43 46
49 35 45
17 47 48
5 51 54
50 52 57
51 53 55
2 52 54
50 53 56
52 10 56
54 55 58
51
56
63 13 60
66 59 61
64 60 62
63 0 61
65 59 62
18 65 61
63 64 67
60
65
2
57 58
66 67
47
68
5 1 11
0
62 3 6
2 4 9
3 5 7
4 6 0
2 5 8
4 67 8
6 7 10
3
8
64 0 12
16 20 11
14 48 17
15 13 61
14 16 18
15 17 12
16 19 13
15 19 53
17 18 66
30 24 12
22 55 25
21 23 28
22 24 26
20 23 25
21 24 27
23 27 60
25 26 29
22
27
31 20 57
30 32 50
31 36 43
34 37 40
47 33 35
34 36 38
32 35 37
33 36 39
35 39 45
52 37 38
33 41 44
54 40 42
41 43 45
32 42 44
46 40 43
46 38 42
59 44 45
48 34 51
47 49 13
48 50 52
31 49 51
47 50 53
49 53 39
18 51 52
55 41 58
21 54 56
55 57 59
30 56 58
54 57 60
46 56 60
26 58 59
14 62 65
2 63 61
62 64 66
63 65 11
64 67 61
63 19 67
65 66 7
2
9 10
28 29
48
68
2 1 62
0
6 0 10
4 7 22
3 5 59
4 6 8
2 5 7
3 6 9
5 9 27
64 7 8
2 20 14
15 12 46
18 11 13
16 12 14
15 10 13
17 11 14
17 51 13
15 16 19
12
17
24 10 28
53 22 25
3 21 23
22 24 26
20 23 25
21 24 27
23 58 27
8 25 26
20 55 29
48 28 30
34 41 29
32 35 38
31 33 45
32 34 36
33 35 30
31 34 37
33 37 43
50 35 36
31 39 42
52 38 40
39 41 43
40 42 30
38 41 44
36 40 44
57 42 43
32 49 46
47 11 45
48 50 46
47 49 29
48 51 45
47 51 37
16 49 50
53 39 56
52 21 54
53 55 57
54 56 28
52 55 58
54 58 44
56 57 26
63 4 60
66 59 61
64 60 62
63 0 61
65 59 62
65 9 61
63 64 67
60
65
2
18 19
66 67
49
68
5 1 11
0
3 6 23
2 4 9
3 5 7
4 6 0
2 5 8
4 8 28
6 7 10
3
8
15 21 0
16 31 13
14 19 12
15 17 13
14 16 11
15 18 12
14 18 36
16 17 20
13
18
29 25 11
23 55 26
2 22 24
23 25 27
21 24 26
22 25 28
60 24 28
7 26 27
33 21 37
62 31 34
30 32 12
31 33 35
29 32 34
30 33 36
32 67 36
17 34 35
29 64 38
37 39 57
50 38 43
44 47 41
54 40 42
45 41 43
44 39 42
46 40 43
46 52 42
44 45 59
48 51 40
61 47 49
48 50 52
49 51 39
47 50 53
45 49 53
66 51 52
55 41 58
22 54 56
55 57 59
38 56 58
60 54 57
60 46 56
27 58 59
62 48 65
61 30 63
62 64 66
63 65 37
61 64 67
63 67 53
65 66 35
2
9 10
19 20
50
68
2 1 62
0
0 3 53
2 4 46
3 5 39
4 9 13
7 10 30
36 6 8
7 9 11
5 8 10
6 9 12
35 8 12
41 10 11
5 14 32
18 25 13
19 22 16
17 29 15
18 20 16
17 19 14
18 21 15
17 21 27
34 19 20
23 26 15
22 24 43
23 25 27
24 26 14
22 25 28
20 24 28
26 27 48
33 30 16
6 29 31
34 30 32
33 13 31
35 29 32
35 21 31
33 34 11
37 7 40
36 50 38
37 39 41
4 38 40
36 39 42
38 42 12
40 41 55
23 44 47
43 45 59
44 46 48
3 45 47
49 43 46
49 28 45
64 47 48
37 51 54
50 52 57
51 53 55
2 52 54
50 53 56
52 42 56
54 55 58
51
56
63 44 60
66 59 61
64 60 62
63 0 61
65 59 62
49 65 61
63 64 67
60
65
2
57 58
66 67
51
68
5 1 11
0
62 3 6
2 4 9
3 5 7
4 6 0
2 5 8
4 67 8
6 7 10
3
8
64 0 12
55 11 13
14 48 12
18 22 13
16 19 39
15 17 45
16 18 20
14 17 19
15 18 21
17 21 44
50 19 20
14 23 41
34 22 27
31 25 28
38 24 26
25 27 29
23 26 28
30 24 27
30 36 26
43 28 29
32 35 24
31 33 52
32 34 36
33 35 23
31 34 37
33 37 29
35 36 57
39 25 42
15 38 40
39 41 43
22 40 42
38 41 44
30 40 44
20 42 43
46 16 49
47 45 61
46 48 50
47 49 13
48 51 45
47 51 21
49 50 66
32 53 56
52 54 59
53 55 57
54 56 12
52 55 58
37 54 58
56 57 60
53
58
46 62 65
2 63 61
62 64 66
63 65 11
64 67 61
63 51 67
65 66 7
2
9 10
59 60
52
68
2 1 62
0
6 0 10
4 7 53
3 5 59
4 6 8
2 5 7
3 6 9
5 9 58
64 7 8
2 55 11
10 12 46
16 20 11
17 37 14
15 43 13
16 18 14
15 17 12
16 19 13
15 19 42
48 17 18
21 39 12
32 20 25
23 26 29
36 22 24
23 25 27
21 24 26
22 25 28
34 24 28
41 26 27
33 22 30
31 52 29
32 34 30
31 33 21
32 35 29
31 35 27
33 34 57
37 23 40
36 38 13
37 39 41
20 38 40
36 39 42
38 42 28
18 40 41
47 44 14
50 43 45
48 44 46
47 11 45
49 43 46
49 19 45
47 48 51
44
49
53 56 30
3 52 54
53 55 57
54 56 10
52 55 58
35 54 58
8 56 57
63 4 60
66 59 61
64 60 62
63 0 61
65 59 62
65 9 61
63 64 67
60
65
2
50 51
66 67
53
68
5 1 11
0
3 6 55
2 4 9
3 5 7
4 6 0
2 5 8
4 8 60
6 7 10
3
8
15 21 0
16 62 13
14 19 12
15 17 13
14 16 11
15 18 12
14 18 67
16 17 20
13
18
64 22 11
21 23 57
31 22 27
48 25 28
54 24 26
25 27 29
23 26 28
30 24 27
30 53 26
59 28 29
32 50 23
31 36 43
34 37 40
47 33 35
34 36 38
32 35 37
33 36 39
35 39 45
52 37 38
33 41 44
61 40 42
41 43 45
32 42 44
46 40 43
46 38 42
66 44 45
48 34 51
47 49 24
48 50 52
31 49 51
47 50 53
49 53 39
51 52 29
55 25 58
2 54 56
55 57 59
22 56 58
54 57 60
30 56 60
7 58 59
62 65 41
61 63 12
62 64 66
63 65 21
61 64 67
46 63 67
17 65 66
2
9 10
19 20
54
68
2 1 62
0
3 0 53
2 7 11
5 8 44
4 50 6
5 7 9
3 6 8
4 7 10
49 6 10
8 9 55
3 12 46
20 11 16
17 37 14
13 43 15
18 14 16
17 12 15
19 13 16
19 42 15
17 18 48
21 39 12
20 25 32
23 26 29
22 36 24
23 25 27
21 24 26
22 25 28
34 24 28
26 27 41
33 22 30
29 59 31
34 30 32
33 21 31
35 29 32
35 27 31
33 34 64
23 37 40
36 38 13
37 39 41
20 38 40
36 39 42
38 28 42
18 40 41
47 14 44
4 43 45
48 44 46
47 11 45
49 43 46
19 49 45
47 48 9
5 51 54
50 52 57
51 53 55
2 52 54
50 53 56
52 10 56
54 55 58
51
56
63 60 30
66 59 61
64 60 62
63 0 61
65 59 62
65 35 61
63 64 67
60
65
2
57 58
66 67
55
68
5 1 11
0
62 3 6
2 4 9
3 5 7
4 6 0
2 5 8
4 67 8
6 7 10
3
8
64 0 12
16 20 11
14 17 55
15 13 61
14 16 18
15 17 12
16 19 13
15 19 60
17 18 66
21 57 12
20 25 29
48 23 26
22 54 24
23 25 27
21 24 26
22 25 28
53 24 28
26 27 59
30 50 21
34 41 29
32 35 38
31 47 33
32 34 36
30 33 35
31 34 37
33 37 43
35 36 52
31 39 42
38 40 45
39 41 43
30 40 42
38 41 44
36 40 44
46 42 43
39
44
32 48 51
47 49 22
48 50 52
49 51 29
47 50 53
49 37 53
51 52 27
23 55 58
54 56 13
55 57 59
20 56 58
54 57 60
56 28 60
18 58 59
14 62 65
2 63 61
62 64 66
63 65 11
64 67 61
63 19 67
65 66 7
2
9 10
45 46
56
68
2 1 62
0
6 0 10
4 7 39
3 5 59
4 6 8
2 5 7
3 6 9
5 9 44
64 7 8
2 20 14
15 53 12
18 11 13
16 12 14
15 10 13
17 11 14
17 58 13
15 16 19
12
17
21 55 10
20 25 29
23 26 46
52 22 24
23 25 27
21 24 26
22 25 28
51 24 28
57 26 27
48 21 30
34 41 29
32 35 38
31 33 45
32 34 36
33 35 30
31 34 37
33 37 43
50 35 36
31 39 42
3 38 40
39 41 43
40 42 30
38 41 44
36 40 44
8 42 43
32 49 46
47 22 45
48 50 46
47 49 29
48 51 45
47 51 37
49 50 27
53 23 56
52 54 11
53 55 57
20 54 56
52 55 58
54 58 28
16 56 57
63 4 60
66 59 61
64 60 62
63 0 61
65 59 62
65 9 61
63 64 67
60
65
2
18 19
66 67
57
68
5 1 11
0
3 6 23
2 4 9
3 5 7
4 6 0
2 5 8
4 8 28
6 7 10
3
8
15 21 0
16 48 13
14 19 12
15 17 13
14 16 11
15 18 12
14 18 53
16 17 20
13
18
29 25 11
62 23 26
2 22 24
23 25 27
21 24 26
22 25 28
67 24 28
7 26 27
30 64 21
29 34 38
32 35 55
61 31 33
32 34 36
30 33 35
31 34 37
60 33 37
66 35 36
30 39 57
50 38 43
44 47 41
54 40 42
45 41 43
44 39 42
46 40 43
46 52 42
44 45 59
48 51 40
47 49 12
48 50 52
49 51 39
47 50 53
45 49 53
17 51 52
55 41 58
31 54 56
55 57 59
38 56 58
60 54 57
60 46 56
36 58 59
62 32 65
61 63 22
62 64 66
29 63 65
61 64 67
63 67 37
65 66 27
2
9 10
19 20
58
68
2 1 62
0
0 3 53
2 4 46
3 8 12
6 9 30
5 7 43
6 8 10
4 7 9
5 8 11
35 7 11
9 10 48
4 20 16
17 37 14
50 13 15
18 14 16
17 12 15
19 13 16
19 42 15
17 18 55
21 39 12
20 25 32
23 26 29
36 22 24
23 25 27
21 24 26
22 25 28
34 24 28
41 26 27
33 22 30
5 29 31
34 30 32
33 21 31
35 29 32
35 27 31
33 34 10
37 23 40
36 38 13
37 39 41
20 38 40
36 39 42
38 42 28
18 40 41
6 44 47
43 45 59
44 46 48
3 45 47
49 43 46
49 11 45
64 47 48
51 54 14
50 52 57
51 53 55
2 52 54
50 53 56
19 52 56
54 55 58
51
56
63 44 60
66 59 61
64 60 62
63 0 61
65 59 62
49 65 61
63 64 67
60
65
2
57 58
66 67
59
68
5 1 11
0
62 3 6
2 4 9
3 5 7
4 6 0
2 5 8
4 67 8
6 7 10
3
8
64 0 12
55 11 13
17 21 12
15 18 39
14 16 52
15 17 19
16 18 13
14 17 20
16 20 44
18 19 57
25 13 29
46 23 26
22 24 61
23 25 27
21 24 26
22 25 28
51 24 28
66 26 27
30 48 21
34 41 29
32 35 38
31 33 45
32 34 36
30 33 35
31 34 37
33 37 43
50 35 36
31 39 42
14 38 40
39 41 43
30 40 42
38 41 44
36 40 44
19 42 43
46 32 49
47 22 45
46 48 50
47 49 29
48 51 45
47 51 37
49 50 27
15 53 56
52 54 59
53 55 57
54 56 12
52 55 58
20 54 58
56 57 60
53
58
62 65 23
2 63 61
62 64 66
63 65 11
64 67 61
63 67 28
65 66 7
2
9 10
59 60
60
68
2 1 62
0
6 0 10
4 7 53
3 5 59
4 6 8
2 5 7
3 6 9
5 9 58
64 7 8
2 55 11
15 19 10
16 39 13
52 12 14
15 17 13
16 11 14
15 18 12
18 44 14
16 17 57
23 11 29
21 24 46
20 22 27
21 23 25
19 22 24
20 23 26
51 22 26
24 25 28
21
26
48 19 30
34 41 29
32 35 38
31 33 45
32 34 36
33 35 30
31 34 37
33 37 43
50 35 36
31 39 42
38 40 12
39 41 43
40 42 30
38 41 44
36 40 44
17 42 43
32 49 46
47 20 45
48 50 46
47 49 29
48 51 45
47 51 37
49 50 25
53 56 13
3 52 54
53 55 57
54 56 10
52 55 58
18 54 58
8 56 57
63 4 60
66 59 61
64 60 62
63 0 61
65 59 62
65 9 61
63 64 67
60
65
2
27 28
66 67
61
68
5 1 11
0
3 32 6
2 4 9
3 5 7
4 6 0
2 5 8
4 8 37
6 7 10
3
8
15 21 0
16 62 13
14 19 12
15 17 13
14 16 11
15 18 12
14 18 67
16 17 20
13
18
64 22 11
30 21 26
48 24 27
61 23 25
24 26 28
22 25 27
23 26 29
53 25 29
66 27 28
34 22 38
32 35 55
2 31 33
32 34 36
30 33 35
31 34 37
60 33 37
35 7 36
30 39 57
50 38 43
44 47 41
54 40 42
45 41 43
44 39 42
46 40 43
46 52 42
44 45 59
48 51 40
47 49 23
48 50 52
49 51 39
47 50 53
45 49 53
51 52 28
55 41 58
31 54 56
55 57 59
38 56 58
60 54 57
60 46 56
36 58 59
62 65 24
61 63 12
62 64 66
63 65 21
61 64 67
63 67 29
17 65 66
2
9 10
19 20
62
68
2 1 62
0
3 0 53
2 7 11
5 21 8
4 50 6
5 7 9
3 6 8
4 7 10
6 10 26
8 9 55
3 19 15
37 13 16
12 59 14
17 13 15
11 14 16
18 12 15
18 42 14
17 64 16
23 11 27
21 24 44
4 20 22
21 23 25
19 22 24
20 23 26
49 22 26
9 24 25
19 28 46
32 39 27
33 36 30
31 43 29
32 34 30
31 33 28
32 35 29
31 35 41
48 33 34
37 40 29
36 38 12
37 39 41
38 40 28
36 39 42
34 38 42
17 40 41
47 44 30
20 43 45
48 44 46
47 27 45
49 43 46
49 35 45
47 48 25
5 51 54
50 52 57
51 53 55
2 52 54
50 53 56
52 10 56
54 55 58
51
56
63 13 60
66 59 61
64 60 62
63 0 61
65 59 62
18 65 61
63 64 67
60
65
2
57 58
66 67
63
68
5 1 11
0
62 3 6
2 4 9
3 5 7
4 6 0
2 5 8
4 67 8
6 7 10
3
8
64 0 12
16 20 11
14 32 17
15 13 61
14 16 18
15 17 12
16 19 13
15 19 37
17 18 66
30 24 12
48 22 25
21 23 28
22 24 26
20 23 25
21 24 27
53 23 27
25 26 29
22
27
34 20 38
32 35 55
31 33 13
32 34 36
30 33 35
31 34 37
33 37 60
18 35 36
30 39 57
50 38 43
47 41 44
54 40 42
41 43 45
39 42 44
46 40 43
46 52 42
59 44 45
48 51 40
47 49 21
48 50 52
49 51 39
47 50 53
49 53 45
51 52 26
55 41 58
31 54 56
55 57 59
38 56 58
54 57 60
46 56 60
36 58 59
14 62 65
2 63 61
62 64 66
63 65 11
64 67 61
63 19 67
65 66 7
2
9 10
28 29
64
68
2 1 62
0
6 0 10
4 7 22
3 5 59
4 6 8
2 5 7
3 6 9
5 9 27
64 7 8
2 20 14
15 12 30
18 11 13
16 12 14
15 10 13
17 11 14
17 35 13
15 16 19
12
17
24 10 28
22 25 46
3 21 23
22 24 26
20 23 25
21 24 27
51 23 27
8 25 26
32 20 36
33 53 30
31 11 29
32 34 30
31 33 28
32 35 29
31 35 58
16 33 34
37 55 28
48 36 41
39 42 45
52 38 40
39 41 43
37 40 42
38 41 44
50 40 44
57 42 43
49 38 46
47 21 45
48 50 46
47 49 37
48 51 45
47 51 43
49 50 26
53 39 56
52 54 29
53 55 57
36 54 56
52 55 58
54 58 44
34 56 57
63 4 60
66 59 61
64 60 62
63 0 61
65 59 62
65 9 61
63 64 67
60
65
2
18 19
66 67
65
68
5 1 11
0
3 6 23
2 4 9
3 5 7
4 6 0
2 5 8
4 8 28
6 7 10
3
8
15 21 0
16 31 13
14 19 12
15 17 13
14 16 11
15 18 12
14 18 36
16 17 20
13
18
29 25 11
23 39 26
2 22 24
23 25 27
21 24 26
22 25 28
44 24 28
7 26 27
33 21 37
31 34 55
30 32 12
31 33 35
29 32 34
30 33 36
60 32 36
17 34 35
29 45 41
62 39 42
22 38 40
39 41 43
37 40 42
44 38 41
44 67 40
27 42 43
46 64 37
45 50 57
48 51 54
61 47 49
48 50 52
46 49 51
47 50 53
49 53 59
66 51 52
47 55 58
30 54 56
55 57 59
46 56 58
60 54 57
60 52 56
35 58 59
62 48 65
61 63 38
62 64 66
45 63 65
61 64 67
63 67 53
65 66 43
2
9 10
19 20
