1
1
{ Snark Esperet-Mazzuoccolo.106, ktory potrebuje 5 1-faktorov na pokrytie vsetkych hran. } 
{ Dlzka najkratsieho cykloveho pokrytia je 4/3.|E(G)|+2 > ako Petersen.10 }
{ perfect matching index = 5, cc = 4, oddness = 4 }
106
2 5 8
2 10 79
0 1 3 
2 41 103
5 15 42
0 4 6
5 39 73
8 47 74
0 7 9 
8 71 105
1 11 35
10 12 18
11 13 16
12 14 19
13 15 18
4 14 16
12 15 17
16 18 21 
11 14 17
13 20 22
19 21 41 
17 20 26
19 23 29
22 24 27
23 25 30
24 26 29
21 25 27
23 26 28
27 29 32 
22 25 28
24 31 33
30 32 41
28 31 37
30 34 40
33 35 38
10 34 36
35 37 40
32 36 38
34 37 39
6 38 40
33 36 39
3 20 31
4 43 67
42 44 50
43 45 48
44 46 51
45 47 50
7 46 48
44 47 49
48 50 53 
43 46 49
45 52 54
51 53 73
49 52 58
51 55 61
54 56 59
55 57 62
56 58 61
53 57 59
55 58 60
59 61 64
54 57 60
56 63 65
62 64 73
60 63 69
62 66 72 
65 67 70
42 66 68 
67 69 72
64 68 70
66 69 71
9 70 72 
65 68 71
6 52 63
7 75 99
74 76 82
75 77 80
76 78 83
77 79 82
1 78 80
76 79 81
80 82 85
75 78 81
77 84 86
83 85 105
81 84 90
83 87 93
86 88 91
87 89 94
88 90 93
85 89 91
87 90 92
91 93 96
86 89 92
88 95 97
94 96 105
92 95 101
94 98 104
97 99 102
74 98 100
99 101 104
96 100 102
98 101 103
3 102 104
97 100 103
9 84 95
