1
1
{ Pseudo-Loupekinov snark obsahujuci 10 negatorov v dvoch cykloch po 5, pricom }
{ rezidualna polhrana negatora N_i je spojena s rezidualnou polhranou negatora N_{i+5}. }
{ Zo 105 hran iba 5 hran vytvorenych spojenim rezidualnych polhran je nepotlacitelnych: } 
{  [0,35], [7,42], [14,49], [21,56], [28,63], cc=?  }
70
1 4 35
0 2 6
1 3 59
2 4 16
0 3 5
4 6 62
1 5 19
8 11 42
7 9 13
8 10 66
9 11 23
7 10 12
11 13 69
8 12 26
15 18 49
14 16 20
3 15 17
16 18 30
14 17 19 
6 18 20
15 19 33
22 25 56
21 23 27
10 22 24
23 25 37
21 24 26
13 25 27
22 26 40
29 32 63
28 30 34
17 29 31
30 32 44
28 31 33
20 32 34
29 33 47
0 36 39
35 37 41
24 36 38
37 39 51
35 38 40
27 39 41
36 40 54
7 43 46
42 44 48
31 43 45
44 46 58
42 45 47
34 46 48
43 47 61
14 50 53
49 51 55
38 50 52
51 53 65
49 52 54
41 53 55
50 54 68
21 57 60
56 58 62
45 57 59
2 58 60
56 59 61
48 60 62
5 57 61
28 64 67
63 65 69
52 64 66
9 65 67
63 66 68
55 67 69
12 64 68
  