1
1
{ Snark neznamej konstrukcie a vlastnosti }
{ cc=?? }
146
1 2 3
0 4 5
0 6 7
0 8 9
1 10 11
1 8 12
2 13 14
2 15 16
3 5 10
3 12 17
4 8 18
4 19 20
5 9 18
6 21 22
6 15 23
7 14 21
7 24 62
9 25 26
10 12 27
11 28 29
11 30 31
13 15 103
13 33 34
14 32 114
16 35 36
17 37 38
17 39 40
18 36 41
19 34 39
19 30 33
20 29 34
20 33 42
23 38 98
22 29 31
22 28 30
24 42 82
24 27 43
25 40 111
25 32 45
26 28 44
26 37 45
27 46 49
31 35 47
36 47 49
39 48 105
38 40 48
41 47 48
42 43 46
44 45 46
41 43 88
51 52 53
50 54 55
50 56 57
50 58 59
51 56 58
51 60 61
52 54 59
52 62 63
53 54 64
53 56 65
55 66 67
55 68 69
57 70 16
57 71 72
58 65 73
59 64 74
60 75 76
60 68 77
61 67 76
61 78 79
62 72 78
63 78 81
63 70 79
64 80 82
65 83 84
66 77 85
66 68 86
67 75 86
69 70 71
69 72 81
73 87 115
71 79 89
73 90 35
74 91 92
74 93 94
75 89 92
76 77 95
80 88 90
87 96 49
81 85 97
82 87 95
83 93 97
83 85 94
84 91 96
84 92 97
86 90 96
88 93 95
89 91 94
99 100 32
98 101 102
98 104 121
99 106 107
99 108 109
104 110 21
100 103 111
107 44 120
101 108 112
101 105 109
102 106 110
102 107 112
103 108 113
104 113 37
106 109 113
110 111 112
116 117 23
118 80 130
114 122 123
114 124 125
115 126 143
121 127 135
127 105 137
119 123 100
116 124 128
116 121 125
117 122 126
117 123 128
118 124 129
119 120 129
122 125 129
126 127 128
131 132 115
130 133 134
130 136 137
131 138 139
131 140 141
136 142 119
132 135 143
132 139 120
133 140 144
133 137 141
134 138 142
134 139 144
135 140 145
136 145 118
138 141 145
142 143 144
