1
1
{ I-rozsirenie snarku STF2.100 cez dvojicu hran {[3,99],[6,93]}. }
{ cc=5 }
102
1 8 24
0 2 5
1 3 7
2 4 100
3 5 13
1 4 6
5 7 101
2 6 8
0 7 9
8 10 15
9 11 14
10 12 65
11 13 15
4 12 14
10 13 20
9 12 16
15 17 24
16 18 22
17 19 31
18 20 23
14 19 21
20 22 28
17 21 23
19 22 24
0 16 23
26 33 49
25 27 30
26 28 32
21 27 29
28 30 38
26 29 31
18 30 32
27 31 33
25 32 34
33 35 40
34 36 39
35 37 90
36 38 40
29 37 39
35 38 45
34 37 41
40 42 49
41 43 47
42 44 56
43 45 48
39 44 46
45 47 50
42 46 48
44 47 49
25 41 48
46 51 58
50 52 55
51 53 57
52 54 71
53 55 62
51 54 56
43 55 57
52 56 58
50 57 59
58 60 64
59 61 66
60 62 65
54 61 63
62 64 70
59 63 65
11 61 64
60 67 74
66 68 72
67 69 81
68 70 73
63 69 71
53 70 72
67 71 73
69 72 74
66 73 75
74 76 83
75 77 80
76 78 82
77 79 96
78 80 87
76 79 81
68 80 82
77 81 83
75 82 84
83 85 89
84 86 91
85 87 90
79 86 88
87 89 95
84 88 90
36 86 89
85 92 99
91 93 97
92 94 101
93 95 98
88 94 96
78 95 97
92 96 98
94 97 99
91 98 100
3 99 101
6 93 100
