1
1
84
6 48 36
7 49 37
8 50 38
9 51 39
40 10 52
41 11 53
0 42 54
1 43 55
56 2 44
57 3 45
58 4 46
59 47 5
24 32 48
25 33 49
26 34 50
27 51 35
24 52 28
25 53 29
30 26 54
31 27 55
56 32 28
57 33 29
30 58 34
59 31 35
12 36 16
13 37 17
18 14 38
19 15 39
40 20 16
41 21 17
18 42 22
19 43 23
20 44 12
45 21 13
46 22 14
47 23 15
0 60 24
1 61 25
2 62 26
3 63 27
4 64 28
65 5 29
30 6 66
31 7 67
68 32 8
69 33 9
70 10 34
71 11 35
0 12 72
1 13 73
2 14 74
3 15 75
4 16 76
5 77 17
18 6 78
19 7 79
20 8 80
21 9 81
10 22 82
23 11 83
72 36 80
73 37 81
74 38 82
75 39 83
40 72 76
41 73 77
42 74 78
43 75 79
44 80 76
45 81 77
46 82 78
47 83 79
60 64 48
61 65 49
62 66 50
63 67 51
68 64 52
69 65 53
70 66 54
71 67 55
56 68 60
57 69 61
58 70 62
59 71 63
