1
1
{ Vrcholova superpozicia do Pg }
{ Skoro kriticky: } 
{ Odstranitelne dvojice   susednych vrcholov: [25,26] }
{ Odstranitelne dvojice nesusednych vrcholov: [26,33] }
{ 32 odnh }
52
1 14 50
0 2 5
1 3 7
2 4 26
3 5 11
1 4 6
5 7 33
2 6 8
7 9 13
8 10 15
9 11 14
4 10 12
11 13 19
8 12 14
0 10 13
9 16 40
15 17 20
16 18 22
17 19 37
12 18 20
16 19 21
20 22 49
17 21 23
22 24 51
23 25 30
24 26 27
3 25 49
25 28 31
27 29 46
28 30 33
24 29 31
27 30 32
31 33 43
6 29 32
35 48 50
34 36 39
35 37 41
18 36 38
37 39 45
35 38 40
15 39 41
36 40 42
41 43 47
32 42 44
43 45 48
38 44 46
28 45 47
42 46 48
34 44 47
21 26 51
0 34 51
23 49 50